xof 0303txt 0032
template XSkinMeshHeader {
 <3cf169ce-ff7c-44ab-93c0-f78f62d172e2>
 WORD nMaxSkinWeightsPerVertex;
 WORD nMaxSkinWeightsPerFace;
 WORD nBones;
}

template VertexDuplicationIndices {
 <b8d65549-d7c9-4995-89cf-53a9a8b031e3>
 DWORD nIndices;
 DWORD nOriginalVertices;
 array DWORD indices[nIndices];
}

template SkinWeights {
 <6f0d123b-bad2-4167-a0d0-80224f25fabb>
 STRING transformNodeName;
 DWORD nWeights;
 array DWORD vertexIndices[nWeights];
 array FLOAT weights[nWeights];
 Matrix4x4 matrixOffset;
}

template AnimTicksPerSecond {
 <9e415a43-7ba6-4a73-8743-b73d47e88476>
 DWORD AnimTicksPerSecond;
}

template VertexElement {
 <f752461c-1e23-48f6-b9f8-8350850f336f>
 DWORD Type;
 DWORD Method;
 DWORD Usage;
 DWORD UsageIndex;
}

template DeclData {
 <bf22e553-292c-4781-9fea-62bd554bdd93>
 DWORD nElements;
 array VertexElement Elements[nElements];
 DWORD nDWords;
 array DWORD data[nDWords];
}


AnimTicksPerSecond {
 4800;
}

Frame Dummy01 {
 

 FrameTransformMatrix {
  1.000000,0.000000,0.000000,0.000000,0.000000,-0.000000,-1.000000,0.000000,0.000000,1.000000,-0.000000,0.000000,0.000000,0.000000,0.000000,1.000000;;
 }

 Frame Bip01 {
  

  FrameTransformMatrix {
   0.526281,0.849190,-0.043652,0.000000,0.053401,0.018228,0.998407,0.000000,0.848632,-0.527774,-0.035755,0.000000,0.000000,-0.016149,0.493394,1.000000;;
  }

  Frame Bip01_Pelvis {
   

   FrameTransformMatrix {
    -0.000000,1.000000,-0.000001,0.000000,0.087154,0.000001,0.996195,0.000000,0.996195,-0.000000,-0.087154,0.000000,0.000000,0.000000,0.000000,1.000000;;
   }

   Frame Bip01_Spine {
    

    FrameTransformMatrix {
     0.998192,-0.005238,-0.059886,0.000000,-0.000001,0.996195,-0.087152,0.000000,0.060114,0.086994,0.994394,0.000000,0.051628,-0.000007,-0.000084,1.000000;;
    }

    Frame Bip01_Spine1 {
     

     FrameTransformMatrix {
      0.944325,-0.155506,0.289944,0.000000,0.115540,0.981865,0.150303,0.000000,-0.308059,-0.108435,0.945167,0.000000,0.106506,0.000009,-0.000080,1.000000;;
     }

     Frame Bip01_Neck {
      

      FrameTransformMatrix {
       0.903366,0.000001,0.428870,0.000000,-0.000001,1.000000,-0.000000,0.000000,-0.428870,-0.000000,0.903366,0.000000,0.130516,0.000000,0.004628,1.000000;;
      }

      Frame Bip01_Head {
       

       FrameTransformMatrix {
        0.965154,-0.154187,0.211432,0.000000,0.189750,0.968755,-0.159716,0.000000,-0.180200,0.194270,0.964255,0.000000,0.033674,0.000000,0.000000,1.000000;;
       }

       Frame Bip01_HeadNub {
        

        FrameTransformMatrix {
         1.000000,0.000000,0.000000,0.000000,-0.000000,1.000000,0.000000,0.000000,0.000000,0.000000,1.000000,0.000000,0.169824,0.000000,0.000000,1.000000;;
        }
       }
      }

      Frame Bip01_L_Clavicle {
       

       FrameTransformMatrix {
        -0.000000,1.000000,-0.000003,0.000000,0.903024,-0.000001,-0.429589,0.000000,-0.429589,-0.000002,-0.903024,0.000000,-0.023698,0.015715,0.006128,1.000000;;
       }

       Frame Bip01_L_UpperArm {
        

        FrameTransformMatrix {
         0.314988,-0.938390,-0.142149,0.000000,0.634524,0.319592,-0.703733,0.000000,0.705805,0.131470,0.696099,0.000000,0.087086,0.000000,-0.000000,1.000000;;
        }

        Frame Bip01_L_Forearm {
         

         FrameTransformMatrix {
          0.827999,-0.000000,-0.560730,0.000000,0.000000,1.000000,0.000000,0.000000,0.560730,0.000000,0.827999,0.000000,0.137062,0.000000,0.000000,1.000000;;
         }

         Frame Bip01_L_Hand {
          

          FrameTransformMatrix {
           0.971486,-0.212704,0.104747,0.000000,-0.102152,0.023181,0.994499,0.000000,-0.213962,-0.976842,0.000792,0.000000,0.137062,-0.000000,-0.000000,1.000000;;
          }

          Frame Bip01_L_Finger0 {
           

           FrameTransformMatrix {
            0.556874,-0.020367,0.830347,0.000000,0.558537,0.749101,-0.356210,0.000000,-0.614759,0.662144,0.428531,0.000000,0.057681,-0.023605,-0.000272,1.000000;;
           }

           Frame Bip01_L_Finger0Nub {
            

            FrameTransformMatrix {
             1.000000,0.000000,0.000000,0.000000,0.000000,1.000000,0.000000,0.000000,0.000000,0.000000,1.000000,0.000000,0.029435,0.000000,-0.000000,1.000000;;
            }
           }
          }

          Frame Bip01_L_Finger1 {
           

           FrameTransformMatrix {
            -0.342274,-0.000748,0.939600,0.000000,0.000000,1.000000,0.000796,0.000000,-0.939600,0.000273,-0.342274,0.000000,0.084102,0.000000,0.000000,1.000000;;
           }

           Frame Bip01_L_Finger1Nub {
            

            FrameTransformMatrix {
             1.000000,0.000000,0.000000,0.000000,0.000000,1.000000,-0.000000,0.000000,0.000000,0.000000,1.000000,0.000000,0.047988,0.000000,0.000000,1.000000;;
            }
           }
          }
         }
        }
       }
      }

      Frame Bip01_R_Clavicle {
       

       FrameTransformMatrix {
        -0.000000,-1.000000,0.000003,0.000000,-0.903024,0.000001,0.429589,0.000000,-0.429589,-0.000002,-0.903024,0.000000,-0.023698,-0.015714,0.006128,1.000000;;
       }

       Frame Bip01_R_UpperArm {
        

        FrameTransformMatrix {
         0.269293,0.941070,-0.204618,0.000000,-0.865731,0.329627,0.376638,0.000000,0.421891,0.075718,0.903480,0.000000,0.087086,0.000000,0.000000,1.000000;;
        }

        Frame Bip01_R_Forearm {
         

         FrameTransformMatrix {
          0.800875,0.000000,-0.598831,0.000000,0.000000,1.000000,-0.000000,0.000000,0.598831,-0.000000,0.800875,0.000000,0.137062,0.000000,-0.000000,1.000000;;
         }

         Frame Bip01_R_Hand {
          

          FrameTransformMatrix {
           0.876605,0.385158,-0.288474,0.000000,-0.438815,0.393779,-0.807700,0.000000,-0.197497,0.834621,0.514202,0.000000,0.137062,0.000000,0.000000,1.000000;;
          }

          Frame Bip01_R_Finger0 {
           

           FrameTransformMatrix {
            0.556874,0.020367,0.830347,0.000000,-0.558537,0.749101,0.356210,0.000000,-0.614759,-0.662144,0.428531,0.000000,0.057681,0.023605,-0.000272,1.000000;;
           }

           Frame Bip01_R_Finger0Nub {
            

            FrameTransformMatrix {
             -1.000000,0.000000,-0.000000,0.000000,0.000000,1.000000,0.000000,0.000000,0.000000,-0.000000,-1.000000,0.000000,0.029435,0.000000,0.000000,1.000000;;
            }
           }
          }

          Frame Bip01_R_Finger1 {
           

           FrameTransformMatrix {
            -0.342274,0.000748,0.939600,0.000000,0.000000,1.000000,-0.000796,0.000000,-0.939600,-0.000273,-0.342274,0.000000,0.084102,-0.000000,0.000000,1.000000;;
           }

           Frame Bip01_R_Finger1Nub {
            

            FrameTransformMatrix {
             -1.000000,0.000000,0.000000,0.000000,0.000000,1.000000,-0.000000,0.000000,-0.000000,-0.000000,-1.000000,0.000000,0.047988,0.000000,0.000000,1.000000;;
            }
           }
          }
         }
        }
       }
      }
     }

     Frame Bip01_BackPack {
      

      FrameTransformMatrix {
       0.180560,0.080500,-0.980264,0.000000,0.047560,0.994765,0.090451,0.000000,0.982413,-0.062954,0.175786,0.000000,0.063696,0.000003,-0.088855,1.000000;;
      }

      Frame Bip01_BackPackNub {
       

       FrameTransformMatrix {
        0.000796,0.000003,1.000000,0.000000,-0.000000,-1.000000,0.000003,0.000000,1.000000,0.000000,-0.000796,0.000000,0.053240,0.000000,-0.000000,1.000000;;
       }
      }
     }
    }

    Frame Bip01_L_Thigh {
     

     FrameTransformMatrix {
      -0.992858,0.116588,0.025306,0.000000,-0.118369,-0.989158,-0.086927,0.000000,0.014897,-0.089301,0.995893,0.000000,-0.051829,0.055015,0.001785,1.000000;;
     }

     Frame Bip01_L_Calf {
      

      FrameTransformMatrix {
       0.862003,0.000000,-0.506902,0.000000,-0.000000,1.000000,0.000000,0.000000,0.506902,0.000000,0.862003,0.000000,0.237500,0.000000,-0.000000,1.000000;;
      }

      Frame Bip01_L_Foot {
       

       FrameTransformMatrix {
        0.882390,0.085545,0.462677,0.000000,-0.115093,0.992704,0.035957,0.000000,-0.456226,-0.084979,0.885797,0.000000,0.206841,-0.000000,-0.000000,1.000000;;
       }

       Frame Bip01_L_Toe0 {
        

        FrameTransformMatrix {
         -0.000001,-0.000000,1.000000,0.000000,0.000001,1.000000,-0.000000,0.000000,-1.000000,0.000001,-0.000001,0.000000,0.065373,-0.000000,0.066450,1.000000;;
        }

        Frame Bip01_L_Toe0Nub {
         

         FrameTransformMatrix {
          -1.000000,-0.000000,-0.000000,0.000000,-0.000000,1.000000,0.000000,0.000000,0.000000,0.000000,-1.000000,0.000000,0.006735,0.000000,0.000000,1.000000;;
         }
        }
       }
      }
     }
    }

    Frame Bip01_R_Thigh {
     

     FrameTransformMatrix {
      -0.952344,-0.083016,0.293512,0.000000,0.070044,-0.996057,-0.054454,0.000000,0.296875,-0.031300,0.954403,0.000000,-0.051251,-0.055015,-0.007823,1.000000;;
     }

     Frame Bip01_R_Calf {
      

      FrameTransformMatrix {
       0.898842,-0.000000,-0.438273,0.000000,0.000000,1.000000,-0.000000,0.000000,0.438273,0.000000,0.898842,0.000000,0.237500,0.000000,-0.000000,1.000000;;
      }

      Frame Bip01_R_Foot {
       

       FrameTransformMatrix {
        0.976857,-0.168289,0.132021,0.000000,0.049614,0.778668,0.625472,0.000000,-0.208060,-0.604446,0.768996,0.000000,0.206841,0.000000,0.000000,1.000000;;
       }

       Frame Bip01_R_Toe0 {
        

        FrameTransformMatrix {
         -0.000001,0.000000,1.000000,0.000000,-0.000000,1.000000,-0.000000,0.000000,-1.000000,-0.000000,-0.000001,0.000000,0.065373,-0.000000,0.066450,1.000000;;
        }

        Frame Bip01_R_Toe0Nub {
         

         FrameTransformMatrix {
          1.000000,-0.000000,-0.000000,0.000000,-0.000000,1.000000,0.000000,0.000000,-0.000000,-0.000000,1.000000,0.000000,0.006735,0.000000,0.000000,1.000000;;
         }
        }
       }
      }
     }
    }
   }

   Frame Bip01_DressFront {
    

    FrameTransformMatrix {
     -0.965745,0.097874,0.240329,0.000000,0.094486,0.995197,-0.025609,0.000000,-0.241681,-0.002024,-0.970354,0.000000,-0.043966,0.001400,0.061083,1.000000;;
    }

    Frame Bip01_DressFront02 {
     

     FrameTransformMatrix {
      0.995560,-0.068071,-0.065015,0.000000,0.078111,0.982848,0.167060,0.000000,0.052528,-0.171397,0.983801,0.000000,0.183317,0.000023,-0.000130,1.000000;;
     }

     Frame Bip01_DressFrontNub {
      

      FrameTransformMatrix {
       0.000796,0.000003,1.000000,0.000000,-0.000000,-1.000000,0.000003,0.000000,1.000000,0.000000,-0.000796,0.000000,0.165302,0.000000,0.000000,1.000000;;
      }
     }
    }
   }

   Frame Bip01_DressBack {
    

    FrameTransformMatrix {
     -0.949986,0.023975,0.311372,0.000000,-0.082634,0.942213,-0.324662,0.000000,-0.301162,-0.334154,-0.893108,0.000000,-0.047690,0.000047,-0.078294,1.000000;;
    }

    Frame Bip01_DressBack02 {
     

     FrameTransformMatrix {
      0.967366,-0.099959,0.232833,0.000000,0.071778,0.989363,0.126530,0.000000,-0.243004,-0.105689,0.964250,0.000000,0.176185,0.000011,-0.000105,1.000000;;
     }

     Frame Bip01_DressBackNub {
      

      FrameTransformMatrix {
       0.000796,0.000003,1.000000,0.000000,0.000000,-1.000000,0.000003,0.000000,1.000000,0.000000,-0.000796,0.000000,0.136508,0.000000,-0.000000,1.000000;;
      }
     }
    }
   }
  }

  Frame Bip01_Prop1 {
   

   FrameTransformMatrix {
    0.422404,-0.045727,-0.905253,0.000000,0.725946,-0.580963,0.368083,0.000000,-0.542750,-0.812645,-0.212206,0.000000,0.066461,-0.004821,-0.127147,1.000000;;
   }
  }

  Frame Bip01_Prop2 {
   

   FrameTransformMatrix {
    -0.163643,-0.967062,0.194966,0.000000,0.985576,-0.168906,-0.010564,0.000000,0.043147,0.190425,0.980753,0.000000,0.065325,0.018277,0.137053,1.000000;;
   }
  }
 }
}

Frame Translation_Data {
 

 FrameTransformMatrix {
  1.000000,0.000000,0.000000,0.000000,0.000000,-0.000000,-1.000000,0.000000,0.000000,1.000000,-0.000000,0.000000,0.000000,0.000000,0.000000,1.000000;;
 }
}

Frame Body {
 

 FrameTransformMatrix {
  1.000000,0.000000,0.000000,0.000000,0.000000,1.000000,0.000000,0.000000,0.000000,0.000000,1.000000,0.000000,0.000000,0.000000,0.000000,1.000000;;
 }

 Mesh Body {
  617;
  0.083614;0.757535;-0.012050;,
  0.041378;0.773798;-0.020135;,
  0.051995;0.741961;-0.024877;,
  0.094786;0.737887;-0.005547;,
  0.098382;0.720342;0.001114;,
  0.065181;0.708383;-0.029043;,
  0.079210;0.678256;-0.015427;,
  0.098875;0.688272;0.026613;,
  0.027766;0.802953;0.007780;,
  0.066526;0.791627;0.022269;,
  0.063031;0.791117;0.054657;,
  0.031298;0.792467;0.046982;,
  0.059521;0.540957;0.087371;,
  0.011477;0.538869;0.090504;,
  0.014271;0.550406;0.085685;,
  0.054405;0.551118;0.081857;,
  0.075863;0.550886;0.029946;,
  0.077684;0.523994;0.051988;,
  0.065415;0.546751;-0.010179;,
  0.055013;0.491413;-0.001753;,
  0.076703;0.500212;0.019414;,
  0.028879;0.706088;-0.048078;,
  0.033802;0.672775;-0.044653;,
  -0.026104;0.536253;0.071391;,
  -0.023663;0.549942;0.065567;,
  0.020267;0.655480;0.099343;,
  -0.027509;0.655630;0.078680;,
  -0.026944;0.699391;0.077699;,
  0.026300;0.703697;0.097669;,
  0.071129;0.451179;0.004021;,
  0.083377;0.353205;0.006358;,
  0.104468;0.352610;0.048906;,
  0.085447;0.450778;0.052682;,
  0.090046;0.252668;0.005821;,
  0.095864;0.259558;0.057182;,
  0.018698;0.448847;0.001596;,
  -0.022497;0.433785;0.082127;,
  0.001207;0.347880;0.078021;,
  0.029503;0.349514;0.007537;,
  0.030845;0.264214;0.065751;,
  0.046938;0.254926;0.028736;,
  0.054579;0.431975;0.102991;,
  0.075636;0.352100;0.106904;,
  0.067254;0.268900;0.083551;,
  0.049200;0.006964;0.157160;,
  0.012728;0.006944;0.130802;,
  -0.008426;0.007520;0.174796;,
  0.021292;0.007493;0.193014;,
  0.072732;0.202143;0.049103;,
  0.059575;0.136364;0.080582;,
  0.072764;0.148544;0.117438;,
  0.087923;0.214971;0.086782;,
  0.047406;0.069399;0.116393;,
  0.051228;0.077638;0.149758;,
  0.022959;0.193523;0.056366;,
  0.003176;0.230191;0.093391;,
  0.002718;0.168529;0.116550;,
  0.022054;0.143166;0.087967;,
  0.012760;0.092909;0.150050;,
  0.021036;0.068214;0.128997;,
  0.067930;0.241138;0.123660;,
  0.057724;0.170534;0.145294;,
  0.034404;0.098452;0.160334;,
  0.079254;0.495148;0.059881;,
  0.023393;0.484877;-0.030747;,
  0.015245;0.450999;-0.017628;,
  0.018698;0.448847;0.001596;,
  0.056047;0.492022;0.109229;,
  0.000568;0.493651;0.108080;,
  0.051392;0.444149;0.105927;,
  0.000667;0.448229;0.104634;,
  0.017921;0.603106;0.092343;,
  0.056481;0.653100;0.098871;,
  0.074583;0.656770;0.089109;,
  0.093885;0.655440;0.039885;,
  0.076303;0.604316;0.039082;,
  0.058244;0.602903;0.086020;,
  0.080265;0.649624;-0.006405;,
  0.070626;0.599927;0.002997;,
  0.036956;0.652681;-0.036534;,
  0.030326;0.595404;-0.024656;,
  0.119140;0.728613;-0.001233;,
  0.069595;0.730544;0.019678;,
  0.141520;0.685138;0.011954;,
  0.087190;0.673525;0.034388;,
  0.110133;0.629677;0.050284;,
  0.154315;0.638646;0.032172;,
  0.089474;0.741035;0.076305;,
  0.106610;0.696039;0.093392;,
  0.087190;0.673525;0.034388;,
  0.126700;0.643470;0.099564;,
  0.110133;0.629677;0.050284;,
  0.099073;0.745977;0.079749;,
  0.138149;0.750251;0.058089;,
  0.160980;0.707974;0.070915;,
  0.170786;0.652328;0.081573;,
  0.134239;0.740605;0.021667;,
  0.157801;0.620591;0.021667;,
  0.106171;0.607358;0.043104;,
  0.121956;0.550197;0.030241;,
  0.154328;0.561143;0.016841;,
  0.130880;0.510887;0.025870;,
  0.154529;0.510815;0.015377;,
  0.106171;0.607358;0.043104;,
  0.130118;0.605672;0.101448;,
  0.151227;0.549830;0.079404;,
  0.121956;0.550197;0.030241;,
  0.152883;0.509082;0.058793;,
  0.130880;0.510887;0.025870;,
  0.181503;0.618901;0.080225;,
  0.175864;0.558538;0.068856;,
  0.169414;0.507614;0.049972;,
  0.098456;0.434816;0.032895;,
  0.112805;0.448026;0.022723;,
  0.149934;0.448492;0.053382;,
  0.135470;0.435456;0.062973;,
  0.104764;0.440177;0.018705;,
  0.109959;0.432332;0.024810;,
  0.114724;0.426893;0.016516;,
  0.104679;0.434435;0.008550;,
  0.137756;0.478664;0.063305;,
  0.145549;0.442248;0.060310;,
  0.131682;0.450767;0.010106;,
  0.116552;0.480956;0.018390;,
  0.172603;0.477012;0.048664;,
  0.161570;0.433057;0.052762;,
  0.151414;0.480247;0.001307;,
  0.148609;0.441963;0.004411;,
  0.091215;0.796350;0.034087;,
  0.107130;0.791277;0.009274;,
  0.066526;0.791627;0.022269;,
  0.073080;0.782254;0.000396;,
  0.066955;0.706197;0.097554;,
  0.046921;0.790424;-0.009478;,
  0.111175;0.768189;-0.006081;,
  0.083614;0.757535;-0.012050;,
  0.094786;0.737887;-0.005547;,
  0.106071;0.744966;0.003583;,
  0.078503;0.755618;0.078953;,
  0.032973;0.746476;0.080428;,
  0.082708;0.759049;0.075382;,
  -0.021456;0.737502;0.062117;,
  -0.009473;0.782978;0.024765;,
  0.063031;0.791117;0.054657;,
  0.082708;0.759049;0.075382;,
  0.088697;0.722560;0.028789;,
  0.086230;0.748830;0.069252;,
  0.069595;0.730544;0.019678;,
  0.082617;0.697429;0.071255;,
  0.091155;0.687622;0.039036;,
  0.098382;0.720342;0.001114;,
  0.080657;0.703358;0.086749;,
  0.116552;0.480956;0.018390;,
  0.029555;0.831778;-0.020131;,
  0.046405;0.818781;-0.028408;,
  -0.000532;0.803751;-0.000342;,
  0.003014;0.833564;-0.026302;,
  0.148609;0.441963;0.004411;,
  0.098456;0.434816;0.032895;,
  0.135470;0.435456;0.062973;,
  0.109710;0.459234;0.015447;,
  0.116374;0.444006;-0.004420;,
  0.109710;0.459234;0.015447;,
  0.121067;0.447191;0.021990;,
  0.135950;0.438288;0.004527;,
  0.135950;0.438288;0.004527;,
  0.104764;0.440177;0.018705;,
  0.104679;0.434435;0.008550;,
  0.114724;0.426893;0.016516;,
  0.095309;0.027547;0.095014;,
  0.088340;0.023986;0.046518;,
  0.093151;0.005307;0.041298;,
  0.103695;0.005823;0.092074;,
  -0.005732;0.040777;0.163396;,
  -0.008426;0.007520;0.174796;,
  0.012728;0.006944;0.130802;,
  0.013090;0.031863;0.127630;,
  0.012760;0.092909;0.150050;,
  0.034404;0.098452;0.160334;,
  0.029820;0.043791;0.184890;,
  0.049200;0.006964;0.157160;,
  0.021292;0.007493;0.193014;,
  0.051743;0.041872;0.155255;,
  0.047406;0.069399;0.116393;,
  0.051228;0.077638;0.149758;,
  0.057972;0.005465;0.031680;,
  0.059458;0.021100;0.040876;,
  0.103695;0.005823;0.092074;,
  0.057972;0.005465;0.031680;,
  0.029503;0.349514;0.007537;,
  0.046938;0.254926;0.028736;,
  0.022959;0.193523;0.056366;,
  0.022054;0.143166;0.087967;,
  0.021036;0.068214;0.128997;,
  0.021036;0.068214;0.128997;,
  -0.008151;0.440546;0.027618;,
  0.064045;0.816450;-0.041238;,
  0.065548;0.797667;-0.051510;,
  0.056372;0.791792;-0.048805;,
  0.046141;0.803846;-0.039927;,
  0.047720;0.842550;-0.046747;,
  0.031807;0.860696;-0.046714;,
  0.059183;0.885836;-0.164071;,
  0.042424;0.882302;-0.174797;,
  0.054386;0.855298;-0.179139;,
  0.088118;0.815604;-0.131229;,
  0.083590;0.837855;-0.150390;,
  0.076437;0.804671;-0.139990;,
  0.069427;0.838074;-0.058856;,
  0.074164;0.809808;-0.066835;,
  0.059448;0.829278;-0.046052;,
  0.065313;0.872501;-0.076792;,
  0.077447;0.862931;-0.095850;,
  0.083074;0.881334;-0.127701;,
  0.088037;0.858178;-0.142510;,
  0.086139;0.839898;-0.107532;,
  0.037143;0.901553;-0.072424;,
  0.055614;0.885521;-0.072460;,
  -0.002233;0.897301;-0.081763;,
  0.008501;0.917493;-0.125430;,
  0.041878;0.919751;-0.117131;,
  0.083927;0.826727;-0.089171;,
  0.082089;0.802224;-0.102346;,
  0.071770;0.790919;-0.069813;,
  0.062440;0.762559;-0.061960;,
  0.049640;0.747330;-0.071165;,
  0.039316;0.761072;-0.058855;,
  0.077256;0.854664;-0.162623;,
  0.075176;0.886179;-0.148661;,
  0.063916;0.909591;-0.119140;,
  0.057982;0.909667;-0.142089;,
  0.024483;0.909400;-0.156286;,
  0.040411;0.911991;-0.149428;,
  -0.000206;0.865125;-0.057788;,
  0.063916;0.909591;-0.119140;,
  0.057982;0.909667;-0.142089;,
  0.075437;0.841346;-0.058994;,
  0.078531;0.874556;-0.067142;,
  0.079842;0.878855;-0.087958;,
  0.074347;0.861357;-0.078656;,
  0.078531;0.874556;-0.067142;,
  0.075437;0.841346;-0.058994;,
  0.079842;0.878855;-0.087958;,
  0.077447;0.862931;-0.095850;,
  0.078859;0.843257;-0.080218;,
  0.069427;0.838074;-0.058856;,
  0.083921;0.815939;-0.119780;,
  0.078859;0.843257;-0.080218;,
  0.046921;0.790424;-0.009478;,
  0.046405;0.818781;-0.028408;,
  0.073080;0.782254;0.000396;,
  0.047720;0.842550;-0.046747;,
  0.023037;0.756404;-0.045086;,
  0.024989;0.732697;-0.044640;,
  0.028675;0.546130;-0.033690;,
  -0.036925;0.492668;0.088937;,
  -0.037381;0.458432;0.086847;,
  -0.033771;0.434224;0.078971;,
  0.029503;0.774845;-0.055960;,
  -0.008151;0.440546;0.027618;,
  0.040411;0.911991;-0.149428;,
  0.024483;0.909400;-0.156286;,
  0.068398;0.778707;-0.088932;,
  0.067237;0.785527;-0.112890;,
  0.066651;0.779381;-0.105467;,
  0.059441;0.840691;-0.178114;,
  0.063777;0.817777;-0.167938;,
  0.069358;0.804954;-0.129068;,
  -0.024463;0.602755;0.071163;,
  0.073080;0.782254;0.000396;,
  0.093151;0.005307;0.041298;,
  0.067174;0.774559;-0.083930;,
  0.063666;0.765853;-0.088748;,
  0.062195;0.771354;-0.090672;,
  0.063128;0.769778;-0.123418;,
  0.057846;0.771050;-0.111965;,
  0.064647;0.770335;-0.096295;,
  0.052300;0.767358;-0.095439;,
  0.054509;0.759003;-0.093225;,
  0.064757;0.793738;-0.148752;,
  0.062043;0.790594;-0.139469;,
  0.086230;0.748830;0.069252;,
  0.056505;0.764011;-0.102467;,
  0.077939;0.729460;0.042024;,
  0.088697;0.722560;0.028789;,
  0.098382;0.720342;0.001114;,
  0.055614;0.885521;-0.072460;,
  0.072732;0.202143;0.049103;,
  0.056096;0.201431;-0.020940;,
  0.061177;0.129271;-0.005465;,
  0.059575;0.136364;0.080582;,
  0.090046;0.252668;0.005821;,
  0.063327;0.262017;-0.029225;,
  0.083377;0.353205;0.006358;,
  0.042294;0.354960;-0.027720;,
  0.071129;0.451179;0.004021;,
  0.032340;0.443009;-0.027454;,
  0.055013;0.491413;-0.001753;,
  0.061147;0.060752;0.000158;,
  0.047406;0.069399;0.116393;,
  -0.007827;0.167912;0.134226;,
  -0.015674;0.103965;0.160550;,
  -0.053606;0.080339;0.039437;,
  -0.042922;0.151950;0.042258;,
  -0.026235;0.216945;0.038360;,
  0.000707;0.234749;0.107078;,
  -0.017994;0.275822;0.040447;,
  0.010810;0.268409;0.088340;,
  -0.006606;0.348051;0.090783;,
  -0.029862;0.356478;0.066521;,
  -0.037301;0.430930;0.083754;,
  0.077939;0.729460;0.042024;,
  -0.041886;0.746180;-0.066138;,
  -0.051142;0.724681;-0.068439;,
  -0.008915;0.736449;-0.051128;,
  -0.009997;0.769149;-0.042276;,
  -0.055711;0.706533;-0.066152;,
  -0.064387;0.677987;-0.050213;,
  -0.018060;0.672129;-0.061200;,
  -0.009720;0.701605;-0.061325;,
  -0.025379;0.798144;-0.015125;,
  -0.054476;0.784706;0.010015;,
  -0.080954;0.777843;-0.006757;,
  -0.060541;0.780041;-0.031195;,
  -0.089053;0.547529;0.012065;,
  -0.080776;0.557043;0.010349;,
  -0.061494;0.553727;0.045606;,
  -0.063437;0.542183;0.052533;,
  -0.049969;0.556402;-0.036617;,
  -0.072445;0.530634;-0.024106;,
  -0.011277;0.550112;-0.050748;,
  -0.047404;0.506430;-0.043040;,
  -0.018112;0.494647;-0.038817;,
  -0.023663;0.549942;0.065567;,
  -0.026104;0.536253;0.071391;,
  -0.071554;0.653030;0.051335;,
  -0.076343;0.697231;0.049369;,
  -0.026944;0.699391;0.077699;,
  -0.027509;0.655630;0.078680;,
  -0.027805;0.466802;-0.054451;,
  -0.075623;0.459377;-0.040778;,
  -0.069360;0.368917;-0.085470;,
  -0.022675;0.376533;-0.089707;,
  -0.060273;0.276319;-0.097790;,
  -0.013653;0.282645;-0.120939;,
  0.005327;0.459830;-0.014668;,
  0.006459;0.364703;-0.045791;,
  -0.035985;0.342066;0.013009;,
  -0.044075;0.434739;0.071190;,
  -0.009276;0.271518;-0.073280;,
  -0.032345;0.267755;-0.038692;,
  -0.101332;0.350267;-0.032316;,
  -0.098893;0.429510;0.008532;,
  -0.067679;0.273423;-0.058282;,
  -0.079160;-0.000402;-0.082665;,
  -0.118677;-0.002099;-0.060302;,
  -0.105076;-0.000348;-0.028255;,
  -0.058517;0.001984;-0.042751;,
  -0.031878;0.220739;-0.101062;,
  -0.073160;0.224079;-0.091080;,
  -0.079446;0.149882;-0.084965;,
  -0.040043;0.147266;-0.095973;,
  -0.081014;0.070213;-0.078103;,
  -0.048779;0.069282;-0.085966;,
  -0.009090;0.201327;-0.059730;,
  -0.026535;0.144486;-0.059663;,
  -0.043349;0.155963;-0.021984;,
  -0.034369;0.220726;-0.013999;,
  -0.059789;0.063105;-0.052177;,
  -0.071861;0.080380;-0.040907;,
  -0.097494;0.159216;-0.052210;,
  -0.096542;0.233668;-0.048585;,
  -0.088703;0.086122;-0.056329;,
  -0.081752;0.502270;-0.021727;,
  0.005327;0.459830;-0.014668;,
  -0.074346;0.496964;0.070109;,
  -0.108048;0.499280;0.026055;,
  -0.072752;0.445690;0.061558;,
  -0.102392;0.444909;0.019310;,
  -0.064787;0.603496;0.046361;,
  -0.091206;0.649159;0.021653;,
  -0.093363;0.652289;0.001298;,
  -0.080189;0.603556;0.009057;,
  -0.048860;0.604906;-0.030504;,
  -0.062642;0.651264;-0.041955;,
  -0.014579;0.600329;-0.044374;,
  -0.015688;0.647064;-0.056574;,
  -0.080252;0.716546;-0.090301;,
  -0.096825;0.668835;-0.094030;,
  -0.044917;0.720336;-0.049894;,
  -0.107221;0.618469;-0.087532;,
  -0.073349;0.611680;-0.053371;,
  -0.055116;0.659765;-0.051981;,
  -0.087690;0.716399;-0.006688;,
  -0.055116;0.659765;-0.051981;,
  -0.100858;0.667068;-0.004865;,
  -0.073349;0.611680;-0.053371;,
  -0.110787;0.611688;-0.015099;,
  -0.098640;0.719286;-0.007134;,
  -0.142648;0.676455;-0.046927;,
  -0.125580;0.722985;-0.042840;,
  -0.144599;0.618347;-0.049128;,
  -0.105404;0.721592;-0.074869;,
  -0.101762;0.603905;-0.101142;,
  -0.082697;0.548611;-0.113329;,
  -0.056874;0.539495;-0.088886;,
  -0.061602;0.593400;-0.061428;,
  -0.070284;0.501047;-0.122310;,
  -0.056761;0.501928;-0.099052;,
  -0.061602;0.593400;-0.061428;,
  -0.056874;0.539495;-0.088886;,
  -0.102462;0.522834;-0.058587;,
  -0.105895;0.574035;-0.020847;,
  -0.056761;0.501928;-0.099052;,
  -0.088134;0.484726;-0.087640;,
  -0.122063;0.530219;-0.077437;,
  -0.145915;0.584527;-0.060269;,
  -0.096598;0.486509;-0.100214;,
  -0.003423;0.446318;-0.078878;,
  -0.040134;0.421910;-0.097089;,
  -0.049781;0.435977;-0.110513;,
  -0.012775;0.460914;-0.092419;,
  -0.001442;0.458880;-0.089281;,
  0.008292;0.461436;-0.095183;,
  0.003310;0.449278;-0.102153;,
  -0.002718;0.448372;-0.092992;,
  -0.068703;0.453121;-0.088038;,
  -0.032798;0.487492;-0.089290;,
  -0.016306;0.468858;-0.113573;,
  -0.047814;0.427351;-0.105226;,
  -0.045439;0.423531;-0.124665;,
  -0.076163;0.457095;-0.124917;,
  -0.039400;0.493784;-0.127033;,
  -0.015731;0.463969;-0.132867;,
  -0.086219;0.780291;-0.042327;,
  -0.078333;0.774515;-0.070590;,
  -0.047509;0.771343;-0.051568;,
  -0.060541;0.780041;-0.031195;,
  -0.101984;0.695555;0.018057;,
  -0.023953;0.784011;-0.040023;,
  -0.067243;0.752434;-0.082836;,
  -0.068217;0.730681;-0.075164;,
  -0.051142;0.724681;-0.068439;,
  -0.041886;0.746180;-0.066138;,
  -0.101805;0.738296;0.001184;,
  -0.102512;0.741223;-0.004365;,
  -0.072782;0.736906;0.034849;,
  -0.021456;0.737502;0.062117;,
  -0.009473;0.782978;0.024765;,
  -0.080954;0.777843;-0.006757;,
  -0.102512;0.741223;-0.004365;,
  -0.069102;0.708194;-0.039890;,
  -0.044917;0.720336;-0.049894;,
  -0.099170;0.731204;-0.011113;,
  -0.069165;0.677523;-0.036406;,
  -0.090175;0.686544;-0.010056;,
  -0.055711;0.706533;-0.066152;,
  -0.101772;0.691865;0.000904;,
  -0.032798;0.487492;-0.089290;,
  -0.016642;0.805207;-0.055262;,
  -0.017087;0.821736;-0.039998;,
  0.003014;0.833564;-0.026302;,
  -0.000532;0.803751;-0.000342;,
  -0.015731;0.463969;-0.132867;,
  -0.003423;0.446318;-0.078878;,
  -0.040134;0.421910;-0.097089;,
  0.004220;0.475572;-0.108607;,
  -0.013957;0.474396;-0.090191;,
  -0.013957;0.474396;-0.090191;,
  -0.015899;0.459708;-0.100054;,
  -0.007216;0.462851;-0.122868;,
  -0.007216;0.462851;-0.122868;,
  0.008292;0.461436;-0.095183;,
  -0.001442;0.458880;-0.089281;,
  0.003310;0.449278;-0.102153;,
  -0.012497;0.024010;-0.119705;,
  -0.006847;0.002445;-0.127049;,
  0.041737;0.005757;-0.109208;,
  0.034576;0.024071;-0.105658;,
  -0.095752;0.033609;-0.030057;,
  -0.057072;0.027060;-0.043245;,
  -0.058517;0.001984;-0.042751;,
  -0.105076;-0.000348;-0.028255;,
  -0.071861;0.080380;-0.040907;,
  -0.111940;0.034575;-0.068424;,
  -0.088703;0.086122;-0.056329;,
  -0.079160;-0.000402;-0.082665;,
  -0.079342;0.034514;-0.085742;,
  -0.118677;-0.002099;-0.060302;,
  -0.048779;0.069282;-0.085966;,
  -0.081014;0.070213;-0.078103;,
  0.036095;0.021993;-0.076202;,
  0.046042;0.007089;-0.073017;,
  0.046042;0.007089;-0.073017;,
  -0.006847;0.002445;-0.127049;,
  0.006459;0.364703;-0.045791;,
  -0.009276;0.271518;-0.073280;,
  -0.009090;0.201327;-0.059730;,
  -0.026535;0.144486;-0.059663;,
  -0.059789;0.063105;-0.052177;,
  -0.059789;0.063105;-0.052177;,
  -0.016314;0.786273;-0.074947;,
  -0.002697;0.793331;-0.060728;,
  0.006548;0.773082;-0.069705;,
  0.000161;0.773113;-0.078938;,
  -0.019222;0.817412;-0.074827;,
  -0.021338;0.840739;-0.069008;,
  0.024884;0.872956;-0.178459;,
  0.042424;0.882302;-0.174797;,
  0.029008;0.793407;-0.156023;,
  0.046883;0.793572;-0.152387;,
  0.030873;0.818058;-0.172503;,
  -0.001469;0.781407;-0.098561;,
  -0.020214;0.804412;-0.096458;,
  -0.018179;0.800128;-0.078614;,
  -0.026288;0.838103;-0.115216;,
  -0.014983;0.828221;-0.134622;,
  0.001085;0.807959;-0.143209;,
  0.011957;0.829608;-0.174422;,
  -0.008107;0.847093;-0.165948;,
  -0.031443;0.852830;-0.108978;,
  -0.031028;0.875953;-0.101020;,
  -0.002233;0.897301;-0.081763;,
  -0.015383;0.898249;-0.141150;,
  0.008501;0.917493;-0.125430;,
  -0.001952;0.794477;-0.125195;,
  0.012443;0.768640;-0.094699;,
  0.021367;0.779422;-0.127818;,
  0.028452;0.749796;-0.076218;,
  0.032365;0.837807;-0.181453;,
  0.006577;0.860418;-0.177435;,
  -0.002086;0.887110;-0.167286;,
  -0.019739;0.878176;-0.154231;,
  0.010377;0.900712;-0.162026;,
  0.024483;0.909400;-0.156286;,
  -0.000206;0.865125;-0.057788;,
  -0.019739;0.878176;-0.154231;,
  -0.002086;0.887110;-0.167286;,
  -0.025109;0.803589;-0.101170;,
  -0.023430;0.824639;-0.119671;,
  -0.030334;0.837482;-0.134174;,
  -0.040462;0.829871;-0.117056;,
  -0.025109;0.803589;-0.101170;,
  -0.040462;0.829871;-0.117056;,
  -0.030334;0.837482;-0.134174;,
  -0.014983;0.828221;-0.134622;,
  -0.014453;0.808217;-0.119360;,
  -0.020214;0.804412;-0.096458;,
  0.023701;0.793326;-0.145040;,
  -0.014453;0.808217;-0.119360;,
  -0.016642;0.805207;-0.055262;,
  -0.023953;0.784011;-0.040023;,
  -0.047509;0.771343;-0.051568;,
  -0.019222;0.817412;-0.074827;,
  -0.036925;0.492668;0.088937;,
  -0.037381;0.458432;0.086847;,
  -0.033771;0.434224;0.078971;,
  -0.008151;0.440546;0.027618;,
  0.010377;0.900712;-0.162026;,
  0.024483;0.909400;-0.156286;,
  0.033335;0.765540;-0.103641;,
  0.044389;0.771021;-0.114805;,
  0.045309;0.777293;-0.122088;,
  0.043435;0.795219;-0.139942;,
  -0.024463;0.602755;0.071163;,
  -0.047509;0.771343;-0.051568;,
  0.041737;0.005757;-0.109208;,
  0.043001;0.758093;-0.097416;,
  0.033148;0.761782;-0.098203;,
  0.041853;0.763715;-0.099205;,
  0.044744;0.762862;-0.104644;,
  -0.099170;0.731204;-0.011113;,
  -0.071711;0.715531;-0.023532;,
  -0.069102;0.708194;-0.039890;,
  -0.055711;0.706533;-0.066152;,
  -0.031443;0.852830;-0.108978;,
  0.023053;0.217022;-0.091044;,
  0.014775;0.141706;-0.100856;,
  0.043126;0.135831;-0.064127;,
  0.041027;0.210627;-0.057997;,
  0.021952;0.277803;-0.090604;,
  0.044890;0.269712;-0.060366;,
  0.021171;0.367665;-0.060146;,
  0.034114;0.358395;-0.044371;,
  0.017684;0.454448;-0.039894;,
  0.025388;0.443144;-0.034586;,
  0.023393;0.484877;-0.030747;,
  -0.018112;0.494648;-0.038817;,
  0.014391;0.070759;-0.110672;,
  0.047024;0.072397;-0.072438;,
  -0.061873;0.076832;0.001789;,
  -0.088694;0.086122;-0.056319;,
  -0.097494;0.159216;-0.052210;,
  -0.054952;0.151582;-0.001453;,
  -0.096542;0.233668;-0.048585;,
  -0.048876;0.218257;-0.004826;,
  -0.042566;0.262929;-0.006212;,
  -0.067679;0.273423;-0.058282;,
  -0.101332;0.350267;-0.032316;,
  -0.043274;0.336460;0.027906;,
  -0.037381;0.458432;0.086847;,
  -0.072752;0.445690;0.061558;,
  -0.071711;0.715531;-0.023532;,
  -0.027805;0.466802;-0.054451;,
  -0.022675;0.376533;-0.089707;,
  -0.013653;0.282645;-0.120939;,
  -0.031878;0.220739;-0.101062;,
  -0.040043;0.147266;-0.095973;,
  -0.048779;0.069282;-0.085966;,
  0.075636;0.352101;0.106904;,
  0.000667;0.448229;0.104634;,
  0.054579;0.431975;0.102991;,
  0.067254;0.268900;0.083551;,
  0.067930;0.241138;0.123660;,
  0.057724;0.170534;0.145294;,
  0.034404;0.098452;0.160334;,
  -0.098893;0.429510;0.008532;;
  916;
  3;0,2,1;,
  3;2,0,3;,
  3;4,6,5;,
  3;6,4,7;,
  3;8,10,9;,
  3;10,8,11;,
  3;12,14,13;,
  3;14,12,15;,
  3;16,12,17;,
  3;12,16,15;,
  3;18,20,19;,
  3;20,18,16;,
  3;5,22,21;,
  3;22,5,6;,
  3;13,24,23;,
  3;24,13,14;,
  3;25,27,26;,
  3;27,25,28;,
  3;29,31,30;,
  3;31,29,32;,
  3;31,33,30;,
  3;33,31,34;,
  3;35,37,36;,
  3;37,35,38;,
  3;38,39,37;,
  3;39,38,40;,
  3;36,42,41;,
  3;42,36,37;,
  3;37,43,42;,
  3;43,37,39;,
  3;41,31,32;,
  3;31,41,42;,
  3;42,34,31;,
  3;34,42,43;,
  3;44,46,45;,
  3;46,44,47;,
  3;48,50,49;,
  3;50,48,51;,
  3;49,53,52;,
  3;53,49,50;,
  3;54,56,55;,
  3;56,54,57;,
  3;57,58,56;,
  3;58,57,59;,
  3;55,61,60;,
  3;61,55,56;,
  3;56,62,61;,
  3;62,56,58;,
  3;60,50,51;,
  3;50,60,61;,
  3;61,53,50;,
  3;53,61,62;,
  3;32,20,63;,
  3;20,32,29;,
  3;64,66,65;,
  3;66,64,19;,
  3;13,67,12;,
  3;67,13,68;,
  3;68,69,67;,
  3;69,68,70;,
  3;70,41,69;,
  3;41,70,36;,
  3;48,34,51;,
  3;34,48,33;,
  3;51,43,60;,
  3;43,51,34;,
  3;43,55,60;,
  3;55,43,39;,
  3;39,54,55;,
  3;54,39,40;,
  3;12,63,17;,
  3;63,12,67;,
  3;67,32,63;,
  3;32,67,69;,
  3;69,41,32;,
  3;71,72,25;,
  3;73,75,74;,
  3;75,73,76;,
  3;75,77,74;,
  3;77,75,78;,
  3;79,78,80;,
  3;78,79,77;,
  3;81,83,82;,
  3;83,85,84;,
  3;85,83,86;,
  3;87,89,88;,
  3;89,90,88;,
  3;90,89,91;,
  3;92,94,93;,
  3;92,88,94;,
  3;92,87,88;,
  3;88,95,94;,
  3;95,88,90;,
  3;96,94,83;,
  3;94,86,83;,
  3;86,94,95;,
  3;97,99,98;,
  3;99,97,100;,
  3;100,101,99;,
  3;101,100,102;,
  3;103,105,104;,
  3;105,103,106;,
  3;106,107,105;,
  3;107,106,108;,
  3;104,110,109;,
  3;110,104,105;,
  3;105,111,110;,
  3;111,105,107;,
  3;109,100,97;,
  3;100,109,110;,
  3;110,102,100;,
  3;102,110,111;,
  3;112,114,113;,
  3;114,112,115;,
  3;116,118,117;,
  3;118,116,119;,
  3;120,122,121;,
  3;122,120,123;,
  3;120,125,124;,
  3;125,120,121;,
  3;126,125,127;,
  3;125,126,124;,
  3;95,97,86;,
  3;97,95,109;,
  3;86,98,85;,
  3;98,86,97;,
  3;90,103,104;,
  3;103,90,91;,
  3;104,95,90;,
  3;95,104,109;,
  3;128,96,129;,
  3;96,128,93;,
  3;129,130,128;,
  3;130,129,131;,
  3;72,28,25;,
  3;28,72,132;,
  3;9,133,8;,
  3;134,136,135;,
  3;136,134,137;,
  3;81,137,134;,
  3;138,11,139;,
  3;138,10,11;,
  3;138,140,10;,
  3;141,11,142;,
  3;11,141,139;,
  3;128,130,143;,
  3;93,144,92;,
  3;93,143,144;,
  3;93,128,143;,
  3;145,87,146;,
  3;87,145,147;,
  3;74,148,73;,
  3;148,74,149;,
  3;150,147,145;,
  3;7,149,74;,
  3;148,151,73;,
  3;102,152,101;,
  3;152,102,126;,
  3;102,124,126;,
  3;124,102,111;,
  3;111,120,124;,
  3;120,111,107;,
  3;120,108,123;,
  3;108,120,107;,
  3;8,154,153;,
  3;154,8,133;,
  3;153,155,8;,
  3;155,153,156;,
  3;121,113,114;,
  3;113,121,122;,
  3;122,112,113;,
  3;112,122,157;,
  3;158,125,159;,
  3;125,158,127;,
  3;159,121,114;,
  3;121,159,125;,
  3;126,160,152;,
  3;160,126,161;,
  3;162,122,123;,
  3;122,162,163;,
  3;122,164,157;,
  3;164,122,163;,
  3;165,126,127;,
  3;126,165,161;,
  3;161,166,160;,
  3;166,161,167;,
  3;162,117,163;,
  3;117,162,116;,
  3;163,118,164;,
  3;118,163,117;,
  3;165,167,161;,
  3;167,165,168;,
  3;169,171,170;,
  3;171,169,172;,
  3;173,175,174;,
  3;175,173,176;,
  3;177,179,178;,
  3;179,177,173;,
  3;180,179,181;,
  3;179,180,182;,
  3;183,169,170;,
  3;169,183,184;,
  3;175,186,185;,
  3;186,175,176;,
  3;45,187,44;,
  3;187,45,188;,
  3;180,169,182;,
  3;169,180,172;,
  3;19,29,66;,
  3;20,29,19;,
  3;29,30,189;,
  3;30,190,189;,
  3;190,30,33;,
  3;33,191,190;,
  3;191,33,48;,
  3;191,49,192;,
  3;49,191,48;,
  3;192,52,193;,
  3;52,192,49;,
  3;194,170,186;,
  3;170,194,183;,
  3;170,185,186;,
  3;185,170,171;,
  3;186,176,194;,
  3;194,173,177;,
  3;173,194,176;,
  3;179,174,181;,
  3;174,179,173;,
  3;178,182,184;,
  3;182,178,179;,
  3;182,169,184;,
  3;16,17,20;,
  3;17,63,20;,
  3;66,195,65;,
  3;196,198,197;,
  3;198,196,199;,
  3;200,153,154;,
  3;153,200,201;,
  3;202,204,203;,
  3;205,207,206;,
  3;196,209,208;,
  3;209,196,197;,
  3;210,208,211;,
  3;208,210,196;,
  3;212,214,213;,
  3;214,212,215;,
  3;212,213,211;,
  3;201,217,216;,
  3;217,201,200;,
  3;218,220,219;,
  3;220,218,216;,
  3;210,199,196;,
  3;214,205,206;,
  3;221,223,222;,
  3;197,198,224;,
  3;224,226,225;,
  3;226,224,198;,
  3;227,214,206;,
  3;228,229,213;,
  3;229,228,230;,
  3;219,232,231;,
  3;214,228,213;,
  3;156,201,233;,
  3;201,156,153;,
  3;233,216,218;,
  3;216,233,201;,
  3;220,216,234;,
  3;235,220,234;,
  3;236,238,237;,
  3;238,236,239;,
  3;208,240,211;,
  3;240,208,241;,
  3;211,242,212;,
  3;242,211,240;,
  3;243,239,244;,
  3;239,243,238;,
  3;244,236,245;,
  3;236,244,239;,
  3;246,221,222;,
  3;221,246,215;,
  3;221,212,247;,
  3;212,221,215;,
  3;199,248,1;,
  3;248,199,249;,
  3;133,9,250;,
  3;249,210,251;,
  3;210,249,199;,
  3;210,211,251;,
  3;252,2,253;,
  3;2,252,1;,
  3;19,254,18;,
  3;254,19,64;,
  3;23,68,13;,
  3;68,23,255;,
  3;68,256,70;,
  3;256,68,255;,
  3;256,36,70;,
  3;36,256,257;,
  3;258,1,252;,
  3;1,258,199;,
  3;257,259,36;,
  3;36,259,35;,
  3;260,203,261;,
  3;203,260,202;,
  3;262,263,222;,
  3;263,262,264;,
  3;198,258,226;,
  3;258,198,199;,
  3;265,204,227;,
  3;265,206,266;,
  3;206,265,227;,
  3;222,267,246;,
  3;267,222,263;,
  3;89,87,147;,
  3;82,83,84;,
  3;78,16,18;,
  3;16,78,75;,
  3;75,15,16;,
  3;15,75,76;,
  3;15,71,14;,
  3;71,15,76;,
  3;14,268,24;,
  3;268,14,71;,
  3;248,269,1;,
  3;1,269,0;,
  3;135,129,134;,
  3;129,135,131;,
  3;134,96,81;,
  3;96,134,129;,
  3;96,83,81;,
  3;94,96,93;,
  3;29,189,66;,
  3;205,215,246;,
  3;267,205,246;,
  3;205,267,207;,
  3;205,214,215;,
  3;187,188,270;,
  3;224,272,271;,
  3;223,221,209;,
  3;224,223,197;,
  3;271,273,262;,
  3;273,271,272;,
  3;263,275,274;,
  3;273,276,262;,
  3;277,272,278;,
  3;272,277,273;,
  3;223,271,262;,
  3;271,223,224;,
  3;223,209,197;,
  3;208,221,247;,
  3;221,208,209;,
  3;222,223,262;,
  3;266,207,279;,
  3;207,266,206;,
  3;207,280,279;,
  3;280,207,267;,
  3;280,263,274;,
  3;263,280,267;,
  3;264,262,276;,
  3;76,73,72;,
  3;138,281,140;,
  3;73,132,72;,
  3;132,73,151;,
  3;72,71,76;,
  3;272,225,278;,
  3;155,11,8;,
  3;276,277,282;,
  3;277,276,273;,
  3;275,276,282;,
  3;276,275,264;,
  3;28,141,27;,
  3;141,28,139;,
  3;139,132,138;,
  3;132,139,28;,
  3;132,281,138;,
  3;281,132,151;,
  3;281,148,283;,
  3;148,281,151;,
  3;283,149,284;,
  3;149,283,148;,
  3;7,284,149;,
  3;284,7,4;,
  3;6,79,22;,
  3;79,6,77;,
  3;77,7,74;,
  3;7,77,6;,
  3;5,3,4;,
  3;3,5,2;,
  3;285,137,82;,
  3;137,285,136;,
  3;137,81,82;,
  3;92,146,87;,
  3;146,92,144;,
  3;2,21,253;,
  3;21,2,5;,
  3;286,213,229;,
  3;251,211,286;,
  3;213,286,211;,
  3;234,216,217;,
  3;227,202,228;,
  3;202,230,228;,
  3;230,202,260;,
  3;232,220,235;,
  3;228,214,227;,
  3;26,71,25;,
  3;71,26,268;,
  3;155,142,11;,
  3;18,80,78;,
  3;80,18,254;,
  3;272,224,225;,
  3;275,263,264;,
  3;202,227,204;,
  3;232,219,220;,
  3;287,289,288;,
  3;289,287,290;,
  3;291,288,292;,
  3;288,291,287;,
  3;293,292,294;,
  3;292,293,291;,
  3;295,294,296;,
  3;294,295,293;,
  3;296,297,295;,
  3;298,290,299;,
  3;290,298,289;,
  3;300,302,301;,
  3;302,300,303;,
  3;304,300,305;,
  3;300,304,303;,
  3;306,305,307;,
  3;305,306,304;,
  3;308,306,307;,
  3;306,308,309;,
  3;308,310,309;,
  3;145,146,311;,
  3;312,314,313;,
  3;314,312,315;,
  3;316,318,317;,
  3;318,316,319;,
  3;320,322,321;,
  3;322,320,323;,
  3;324,326,325;,
  3;326,324,327;,
  3;328,324,325;,
  3;324,328,329;,
  3;330,331,328;,
  3;331,330,332;,
  3;319,22,318;,
  3;22,319,21;,
  3;327,333,326;,
  3;333,327,334;,
  3;335,337,336;,
  3;337,335,338;,
  3;339,341,340;,
  3;341,339,342;,
  3;341,344,343;,
  3;344,341,342;,
  3;345,347,346;,
  3;347,345,348;,
  3;346,350,349;,
  3;350,346,347;,
  3;348,351,347;,
  3;351,348,352;,
  3;347,353,350;,
  3;353,347,351;,
  3;352,341,351;,
  3;341,352,340;,
  3;351,343,353;,
  3;343,351,341;,
  3;354,356,355;,
  3;356,354,357;,
  3;358,360,359;,
  3;360,358,361;,
  3;361,362,360;,
  3;362,361,363;,
  3;364,366,365;,
  3;366,364,367;,
  3;365,369,368;,
  3;369,365,366;,
