xof 0303txt 0032
template XSkinMeshHeader {
 <3cf169ce-ff7c-44ab-93c0-f78f62d172e2>
 WORD nMaxSkinWeightsPerVertex;
 WORD nMaxSkinWeightsPerFace;
 WORD nBones;
}

template VertexDuplicationIndices {
 <b8d65549-d7c9-4995-89cf-53a9a8b031e3>
 DWORD nIndices;
 DWORD nOriginalVertices;
 array DWORD indices[nIndices];
}

template SkinWeights {
 <6f0d123b-bad2-4167-a0d0-80224f25fabb>
 STRING transformNodeName;
 DWORD nWeights;
 array DWORD vertexIndices[nWeights];
 array FLOAT weights[nWeights];
 Matrix4x4 matrixOffset;
}

template AnimTicksPerSecond {
 <9e415a43-7ba6-4a73-8743-b73d47e88476>
 DWORD AnimTicksPerSecond;
}

template VertexElement {
 <f752461c-1e23-48f6-b9f8-8350850f336f>
 DWORD Type;
 DWORD Method;
 DWORD Usage;
 DWORD UsageIndex;
}

template DeclData {
 <bf22e553-292c-4781-9fea-62bd554bdd93>
 DWORD nElements;
 array VertexElement Elements[nElements];
 DWORD nDWords;
 array DWORD data[nDWords];
}


AnimTicksPerSecond {
 4800;
}

Frame Dummy01 {
 

 FrameTransformMatrix {
  1.000000,0.000000,0.000000,0.000000,0.000000,-0.000000,-1.000000,0.000000,0.000000,1.000000,-0.000000,0.000000,0.000000,0.000000,0.000000,1.000000;;
 }

 Frame Bip01 {
  

  FrameTransformMatrix {
   0.519040,0.852675,0.059517,0.000000,0.068204,-0.110725,0.991508,0.000000,0.852025,-0.510573,-0.115627,0.000000,0.000000,0.042143,0.482064,1.000000;;
  }

  Frame Bip01_Pelvis {
   

   FrameTransformMatrix {
    0.000000,1.000000,-0.000001,0.000000,-0.000001,0.000001,1.000000,0.000000,1.000000,0.000000,0.000001,0.000000,0.000000,0.000000,0.000000,1.000000;;
   }

   Frame Bip01_Spine {
    

    FrameTransformMatrix {
     0.997770,-0.029070,-0.060089,0.000000,0.029017,0.999577,-0.001767,0.000000,0.060115,0.000019,0.998191,0.000000,0.051628,0.000000,-0.000085,1.000000;;
    }

    Frame Bip01_Spine1 {
     

     FrameTransformMatrix {
      0.974314,-0.141472,0.175210,0.000000,0.115540,0.981865,0.150303,0.000000,-0.193296,-0.126199,0.972990,0.000000,0.106496,0.000011,-0.000083,1.000000;;
     }

     Frame Bip01_Neck {
      

      FrameTransformMatrix {
       0.903366,0.000001,0.428870,0.000000,-0.000001,1.000000,-0.000000,0.000000,-0.428870,-0.000000,0.903366,0.000000,0.130516,0.000000,0.004628,1.000000;;
      }

      Frame Bip01_Head {
       

       FrameTransformMatrix {
        0.964007,-0.258518,0.062114,0.000000,0.232159,0.932327,0.277251,0.000000,-0.129585,-0.252852,0.958787,0.000000,0.033674,0.000000,0.000000,1.000000;;
       }

       Frame Bip01_HeadNub {
        

        FrameTransformMatrix {
         1.000000,0.000000,0.000000,0.000000,0.000000,1.000000,0.000000,0.000000,-0.000000,0.000000,1.000000,0.000000,0.169824,0.000000,0.000000,1.000000;;
        }
       }
      }

      Frame Bip01_L_Clavicle {
       

       FrameTransformMatrix {
        -0.322829,0.945609,0.040058,0.000000,0.844617,0.306933,-0.438651,0.000000,-0.427087,-0.107776,-0.897764,0.000000,-0.023698,0.015715,0.006128,1.000000;;
       }

       Frame Bip01_L_UpperArm {
        

        FrameTransformMatrix {
         0.470464,-0.881425,0.041871,0.000000,0.708999,0.349330,-0.612609,0.000000,0.525342,0.317897,0.789277,0.000000,0.087086,-0.000000,0.000000,1.000000;;
        }

        Frame Bip01_L_Forearm {
         

         FrameTransformMatrix {
          0.854620,0.000000,-0.519253,0.000000,-0.000000,1.000000,0.000000,0.000000,0.519253,0.000000,0.854620,0.000000,0.137062,0.000000,-0.000000,1.000000;;
         }

         Frame Bip01_L_Hand {
          

          FrameTransformMatrix {
           0.986455,0.028324,-0.161569,0.000000,0.164014,-0.185233,0.968911,0.000000,-0.002485,-0.982286,-0.187370,0.000000,0.137062,0.000000,0.000000,1.000000;;
          }

          Frame Bip01_L_Finger0 {
           

           FrameTransformMatrix {
            0.829256,-0.514255,0.218807,0.000000,0.558537,0.749101,-0.356210,0.000000,0.019274,0.417601,0.908427,0.000000,0.057681,-0.023605,-0.000272,1.000000;;
           }

           Frame Bip01_L_Finger0Nub {
            

            FrameTransformMatrix {
             1.000000,0.000000,-0.000000,0.000000,0.000000,1.000000,0.000000,0.000000,0.000000,0.000000,1.000000,0.000000,0.029435,0.000000,0.000000,1.000000;;
            }
           }
          }

          Frame Bip01_L_Finger1 {
           

           FrameTransformMatrix {
            0.989590,-0.000115,0.143914,0.000000,0.000000,1.000000,0.000796,0.000000,-0.143914,-0.000788,0.989590,0.000000,0.084102,0.000000,0.000000,1.000000;;
           }

           Frame Bip01_L_Finger1Nub {
            

            FrameTransformMatrix {
             1.000000,0.000000,0.000000,0.000000,0.000000,1.000000,0.000000,0.000000,0.000000,-0.000000,1.000000,0.000000,0.047988,0.000000,0.000000,1.000000;;
            }
           }
          }
         }
        }
       }
      }

      Frame Bip01_R_Clavicle {
       

       FrameTransformMatrix {
        -0.406482,-0.912663,0.042634,0.000000,-0.808852,0.381163,0.447743,0.000000,-0.424889,0.147515,-0.893145,0.000000,-0.023698,-0.015714,0.006128,1.000000;;
       }

       Frame Bip01_R_UpperArm {
        

        FrameTransformMatrix {
         0.581206,0.809320,-0.084858,0.000000,-0.670130,0.535174,0.514310,0.000000,0.461655,-0.242054,0.853396,0.000000,0.087086,0.000000,-0.000000,1.000000;;
        }

        Frame Bip01_R_Forearm {
         

         FrameTransformMatrix {
          0.960018,0.000000,-0.279939,0.000000,0.000000,1.000000,-0.000000,0.000000,0.279939,-0.000000,0.960018,0.000000,0.137062,0.000000,-0.000000,1.000000;;
         }

         Frame Bip01_R_Hand {
          

          FrameTransformMatrix {
           0.945748,0.207069,0.250364,0.000000,0.185184,0.289610,-0.939060,0.000000,-0.266958,0.934478,0.235552,0.000000,0.137062,-0.000000,0.000000,1.000000;;
          }

          Frame Bip01_R_Finger0 {
           

           FrameTransformMatrix {
            0.829256,0.514255,0.218807,0.000000,-0.558537,0.749101,0.356210,0.000000,0.019274,-0.417601,0.908427,0.000000,0.057681,0.023605,-0.000272,1.000000;;
           }

           Frame Bip01_R_Finger0Nub {
            

            FrameTransformMatrix {
             -1.000000,0.000000,-0.000000,0.000000,0.000000,1.000000,0.000000,0.000000,0.000000,-0.000000,-1.000000,0.000000,0.029435,0.000000,0.000000,1.000000;;
            }
           }
          }

          Frame Bip01_R_Finger1 {
           

           FrameTransformMatrix {
            0.989590,0.000115,0.143914,0.000000,0.000000,1.000000,-0.000796,0.000000,-0.143914,0.000788,0.989590,0.000000,0.084102,-0.000000,0.000000,1.000000;;
           }

           Frame Bip01_R_Finger1Nub {
            

            FrameTransformMatrix {
             -1.000000,-0.000000,0.000000,0.000000,0.000000,1.000000,-0.000000,0.000000,-0.000000,0.000000,-1.000000,0.000000,0.047988,0.000000,0.000000,1.000000;;
            }
           }
          }
         }
        }
       }
      }
     }

     Frame Bip01_BackPack {
      

      FrameTransformMatrix {
       0.180560,0.080500,-0.980264,0.000000,0.047560,0.994765,0.090451,0.000000,0.982413,-0.062954,0.175786,0.000000,0.063696,0.000003,-0.088856,1.000000;;
      }

      Frame Bip01_BackPackNub {
       

       FrameTransformMatrix {
        0.000796,0.000003,1.000000,0.000000,-0.000000,-1.000000,0.000003,0.000000,1.000000,0.000000,-0.000796,0.000000,0.053240,0.000000,0.000000,1.000000;;
       }
      }
     }
    }

    Frame Bip01_L_Thigh {
     

     FrameTransformMatrix {
      -0.940567,0.240981,-0.239297,0.000000,-0.219999,-0.969137,-0.111243,0.000000,-0.258719,-0.051987,0.964553,0.000000,-0.053124,0.053704,-0.003018,1.000000;;
     }

     Frame Bip01_L_Calf {
      

      FrameTransformMatrix {
       0.920212,0.000000,-0.391419,0.000000,0.000000,1.000000,0.000000,0.000000,0.391419,-0.000000,0.920213,0.000000,0.237500,0.000000,-0.000000,1.000000;;
      }

      Frame Bip01_L_Foot {
       

       FrameTransformMatrix {
        0.855034,0.147973,0.497012,0.000000,-0.176150,0.984313,0.009985,0.000000,-0.487737,-0.096086,0.867686,0.000000,0.206841,-0.000000,-0.000000,1.000000;;
       }

       Frame Bip01_L_Toe0 {
        

        FrameTransformMatrix {
         0.000001,0.000000,1.000000,0.000000,-0.000000,1.000000,-0.000000,0.000000,-1.000000,-0.000000,0.000001,0.000000,0.065373,0.000000,0.066450,1.000000;;
        }

        Frame Bip01_L_Toe0Nub {
         

         FrameTransformMatrix {
          -1.000000,-0.000000,0.000000,0.000000,-0.000000,1.000000,-0.000000,0.000000,-0.000000,0.000000,-1.000000,0.000000,0.006735,-0.000000,-0.000000,1.000000;;
         }
        }
       }
      }
     }
    }

    Frame Bip01_R_Thigh {
     

     FrameTransformMatrix {
      -0.960964,0.011111,0.276450,0.000000,-0.019384,-0.999442,-0.027214,0.000000,0.275993,-0.031510,0.960643,0.000000,-0.049913,-0.056700,-0.003020,1.000000;;
     }

     Frame Bip01_R_Calf {
      

      FrameTransformMatrix {
       0.831096,-0.000000,-0.556129,0.000000,-0.000000,1.000000,0.000000,0.000000,0.556129,0.000000,0.831096,0.000000,0.237500,0.000000,-0.000000,1.000000;;
      }

      Frame Bip01_R_Foot {
       

       FrameTransformMatrix {
        0.968276,-0.117709,0.220421,0.000000,0.093773,0.988800,0.116107,0.000000,-0.231619,-0.091754,0.968470,0.000000,0.206841,-0.000000,0.000000,1.000000;;
       }

       Frame Bip01_R_Toe0 {
        

        FrameTransformMatrix {
         0.020043,-0.518758,0.854687,0.000000,0.028218,0.854811,0.518172,0.000000,-0.999401,0.013731,0.031772,0.000000,0.065373,-0.000000,0.066450,1.000000;;
        }

        Frame Bip01_R_Toe0Nub {
         

         FrameTransformMatrix {
          1.000000,-0.000000,0.000000,0.000000,0.000000,1.000000,0.000000,0.000000,0.000000,-0.000000,1.000000,0.000000,0.006735,-0.000000,0.000000,1.000000;;
         }
        }
       }
      }
     }
    }
   }

   Frame Bip01_DressFront {
    

    FrameTransformMatrix {
     -0.977642,0.209920,0.012270,0.000000,0.181202,0.870629,-0.457352,0.000000,-0.106690,-0.444903,-0.889201,0.000000,-0.043986,0.001464,0.061071,1.000000;;
    }

    Frame Bip01_DressFront02 {
     

     FrameTransformMatrix {
      0.995078,-0.070512,0.069625,0.000000,0.071337,0.997408,-0.009431,0.000000,-0.068779,0.014351,0.997529,0.000000,0.183333,-0.000002,-0.000131,1.000000;;
     }

     Frame Bip01_DressFrontNub {
      

      FrameTransformMatrix {
       0.000796,0.000003,1.000000,0.000000,0.000000,-1.000000,0.000003,0.000000,1.000000,-0.000000,-0.000796,0.000000,0.165302,-0.000000,-0.000000,1.000000;;
      }
     }
    }
   }

   Frame Bip01_DressBack {
    

    FrameTransformMatrix {
     -0.977752,0.164135,0.130614,0.000000,0.105689,0.923343,-0.369145,0.000000,-0.181191,-0.347128,-0.920148,0.000000,-0.047707,0.000049,-0.078290,1.000000;;
    }

    Frame Bip01_DressBack02 {
     

     FrameTransformMatrix {
      0.907632,0.239380,0.344822,0.000000,-0.281871,0.956270,0.078079,0.000000,-0.311052,-0.168063,0.935415,0.000000,0.176193,0.000018,-0.000102,1.000000;;
     }

     Frame Bip01_DressBackNub {
      

      FrameTransformMatrix {
       0.000796,0.000003,1.000000,0.000000,-0.000000,-1.000000,0.000003,0.000000,1.000000,0.000000,-0.000796,0.000000,0.136508,0.000000,0.000000,1.000000;;
      }
     }
    }
   }
  }

  Frame Bip01_Prop1 {
   

   FrameTransformMatrix {
    0.422404,-0.045727,-0.905253,0.000000,0.725946,-0.580963,0.368083,0.000000,-0.542750,-0.812645,-0.212206,0.000000,-0.012202,-0.054702,-0.115579,1.000000;;
   }
  }

  Frame Bip01_Prop2 {
   

   FrameTransformMatrix {
    -0.073895,0.286878,0.955113,0.000000,0.997075,0.040017,0.065122,0.000000,-0.019538,0.957131,-0.288996,0.000000,0.022972,-0.007612,0.125840,1.000000;;
   }
  }
 }
}

Frame Translation_Data {
 

 FrameTransformMatrix {
  1.000000,0.000000,0.000000,0.000000,0.000000,-0.000000,-1.000000,0.000000,0.000000,1.000000,-0.000000,0.000000,0.000000,0.000000,0.000000,1.000000;;
 }
}

Frame Body {
 

 FrameTransformMatrix {
  1.000000,0.000000,0.000000,0.000000,0.000000,1.000000,0.000000,0.000000,0.000000,0.000000,1.000000,0.000000,0.000000,0.000000,0.000000,1.000000;;
 }

 Mesh Body {
  617;
  0.076782;0.742674;-0.022758;,
  0.033467;0.768518;-0.031685;,
  0.045732;0.739203;-0.043476;,
  0.086000;0.723531;-0.022883;,
  0.093924;0.714113;-0.023442;,
  0.060670;0.708217;-0.055113;,
  0.077123;0.675752;-0.049693;,
  0.096899;0.678242;-0.006349;,
  0.018840;0.789909;0.002123;,
  0.058900;0.766605;0.018823;,
  0.054574;0.767164;0.045893;,
  0.023757;0.771219;0.037980;,
  0.054325;0.519074;0.038830;,
  0.006160;0.517736;0.037969;,
  0.010691;0.529885;0.034796;,
  0.051013;0.530400;0.033518;,
  0.075662;0.536155;-0.016666;,
  0.075004;0.506188;0.003111;,
  0.067683;0.537120;-0.057577;,
  0.056228;0.481025;-0.055862;,
  0.076153;0.486003;-0.032712;,
  0.024166;0.708075;-0.073896;,
  0.031604;0.673859;-0.079258;,
  -0.029820;0.518375;0.015842;,
  -0.025944;0.532503;0.012505;,
  0.020569;0.629698;0.060124;,
  -0.027382;0.631475;0.039995;,
  -0.028576;0.672569;0.047387;,
  0.024694;0.675553;0.067511;,
  0.068839;0.431100;-0.045447;,
  0.078393;0.332993;-0.022866;,
  0.099241;0.339672;0.019279;,
  0.082155;0.436253;0.003052;,
  0.083016;0.236115;-0.006182;,
  0.088511;0.249820;0.044298;,
  0.015829;0.427494;-0.045418;,
  -0.028464;0.415309;0.013948;,
  -0.004250;0.342389;0.047828;,
  0.024447;0.330674;-0.021531;,
  0.023247;0.255451;0.052544;,
  0.039648;0.241291;0.016650;,
  0.049458;0.422309;0.052838;,
  0.070100;0.350246;0.076150;,
  0.059622;0.262597;0.069580;,
  0.049200;0.001003;0.157161;,
  0.012728;0.000983;0.130802;,
  -0.008426;0.001558;0.174797;,
  0.021292;0.001532;0.193014;,
  0.067396;0.191074;0.040432;,
  0.056875;0.127117;0.076344;,
  0.069847;0.142208;0.112186;,
  0.082350;0.206939;0.077034;,
  0.047476;0.062686;0.116681;,
  0.051161;0.072463;0.149470;,
  0.018023;0.181158;0.048700;,
  -0.002855;0.219481;0.083372;,
  -0.000892;0.159533;0.110595;,
  0.019178;0.133031;0.083595;,
  0.012273;0.086782;0.149194;,
  0.021036;0.062253;0.128997;,
  0.061648;0.234774;0.112262;,
  0.054189;0.165454;0.138647;,
  0.033821;0.093262;0.159106;,
  0.075553;0.476560;0.007438;,
  0.026920;0.478855;-0.087793;,
  0.017299;0.443816;-0.079673;,
  0.015829;0.427494;-0.045418;,
  0.048466;0.467910;0.054075;,
  -0.006720;0.470961;0.048870;,
  0.045192;0.429025;0.050760;,
  -0.005708;0.432293;0.045557;,
  0.018752;0.580103;0.045822;,
  0.056853;0.628812;0.058919;,
  0.074741;0.634820;0.049654;,
  0.093656;0.642546;0.000207;,
  0.077254;0.590314;-0.007156;,
  0.059106;0.581738;0.039478;,
  0.079834;0.644025;-0.046782;,
  0.071758;0.590991;-0.043799;,
  0.036299;0.648883;-0.076003;,
  0.031611;0.589524;-0.072043;,
  0.111164;0.693099;-0.008255;,
  0.057865;0.697579;-0.002334;,
  0.125695;0.645981;0.003306;,
  0.066503;0.637456;0.007035;,
  0.080786;0.588853;0.021061;,
  0.128838;0.595408;0.018079;,
  0.060522;0.697722;0.058533;,
  0.068794;0.649145;0.072024;,
  0.066503;0.637456;0.007035;,
  0.082568;0.594917;0.074709;,
  0.080786;0.588853;0.021061;,
  0.068950;0.701031;0.065349;,
  0.112909;0.703927;0.056770;,
  0.128054;0.657989;0.068320;,
  0.130483;0.601364;0.071796;,
  0.119461;0.699995;0.019669;,
  0.134416;0.577522;0.007038;,
  0.078050;0.566975;0.010501;,
  0.093733;0.510145;-0.003868;,
  0.129213;0.519381;-0.005682;,
  0.101943;0.471415;-0.010387;,
  0.127109;0.469900;-0.012705;,
  0.078050;0.566975;0.010501;,
  0.082995;0.557417;0.072635;,
  0.106606;0.502366;0.051337;,
  0.093733;0.510145;-0.003868;,
  0.110234;0.461130;0.026479;,
  0.101943;0.471415;-0.010387;,
  0.139065;0.567955;0.069315;,
  0.133735;0.509804;0.049671;,
  0.130128;0.461387;0.023857;,
  0.124291;0.359344;-0.077454;,
  0.106426;0.371655;-0.073826;,
  0.097154;0.362958;-0.027381;,
  0.114838;0.351046;-0.031444;,
  0.110751;0.414177;-0.076415;,
  0.114231;0.403848;-0.073769;,
  0.124924;0.406138;-0.072545;,
  0.121018;0.418399;-0.080004;,
  0.094408;0.427598;0.008269;,
  0.106780;0.394862;-0.004813;,
  0.118626;0.424361;-0.046941;,
  0.098033;0.450113;-0.035913;,
  0.131867;0.428167;0.013558;,
  0.125371;0.387793;-0.006399;,
  0.136601;0.452523;-0.032119;,
  0.137041;0.416796;-0.046495;,
  0.082494;0.755612;0.037440;,
  0.101488;0.755822;0.014330;,
  0.058900;0.766605;0.018823;,
  0.067709;0.761755;-0.002965;,
  0.065187;0.680123;0.067554;,
  0.038299;0.782663;-0.017639;,
  0.104505;0.738612;-0.007886;,
  0.076782;0.742674;-0.022758;,
  0.086000;0.723531;-0.022883;,
  0.095506;0.712729;-0.008286;,
  0.071245;0.729099;0.060753;,
  0.028671;0.719136;0.060339;,
  0.074894;0.733017;0.058222;,
  -0.025544;0.711269;0.040918;,
  -0.016875;0.764516;0.014529;,
  0.054574;0.767164;0.045893;,
  0.074894;0.733017;0.058222;,
  0.081375;0.706082;0.004244;,
  0.077114;0.721816;0.049997;,
  0.057865;0.697579;-0.002334;,
  0.080868;0.677527;0.039697;,
  0.089395;0.674725;0.005848;,
  0.093924;0.714113;-0.023442;,
  0.078853;0.680181;0.056201;,
  0.098033;0.450113;-0.035913;,
  0.025496;0.822085;-0.019829;,
  0.039750;0.811690;-0.034461;,
  -0.009541;0.790851;-0.005364;,
  -0.001447;0.825685;-0.019959;,
  0.137041;0.416796;-0.046495;,
  0.124291;0.359344;-0.077454;,
  0.114838;0.351046;-0.031444;,
  0.101568;0.427874;-0.065177;,
  0.126925;0.432665;-0.067426;,
  0.101568;0.427874;-0.065177;,
  0.109938;0.413707;-0.058391;,
  0.132505;0.419428;-0.050408;,
  0.132505;0.419428;-0.050408;,
  0.110751;0.414177;-0.076415;,
  0.121018;0.418399;-0.080004;,
  0.124924;0.406138;-0.072545;,
  0.095309;0.021586;0.095015;,
  0.088339;0.018025;0.046518;,
  0.093151;-0.000654;0.041299;,
  0.103694;-0.000138;0.092075;,
  -0.005732;0.034816;0.163396;,
  -0.008426;0.001558;0.174797;,
  0.012728;0.000983;0.130802;,
  0.013090;0.025902;0.127630;,
  0.012273;0.086782;0.149194;,
  0.033821;0.093262;0.159106;,
  0.029820;0.037830;0.184890;,
  0.049200;0.001003;0.157161;,
  0.021292;0.001532;0.193014;,
  0.051743;0.035911;0.155256;,
  0.047476;0.062686;0.116681;,
  0.051161;0.072463;0.149470;,
  0.057972;-0.000496;0.031680;,
  0.059458;0.015139;0.040876;,
  0.103694;-0.000138;0.092075;,
  0.057972;-0.000496;0.031680;,
  0.024447;0.330674;-0.021531;,
  0.039648;0.241291;0.016650;,
  0.018023;0.181158;0.048700;,
  0.019178;0.133031;0.083595;,
  0.021036;0.062253;0.128997;,
  0.021036;0.062253;0.128997;,
  -0.009750;0.428408;-0.038023;,
  0.055152;0.808841;-0.060780;,
  0.048701;0.794827;-0.075698;,
  0.040166;0.789076;-0.071215;,
  0.036727;0.800401;-0.049325;,
  0.043897;0.836345;-0.051037;,
  0.033385;0.854446;-0.039022;,
  0.019840;0.917219;-0.144046;,
  -0.000043;0.918948;-0.147219;,
  0.003415;0.894397;-0.163845;,
  0.043274;0.837974;-0.148465;,
  0.036788;0.865821;-0.156541;,
  0.027139;0.831731;-0.154244;,
  0.058061;0.834823;-0.071892;,
  0.053370;0.810913;-0.088962;,
  0.051934;0.822847;-0.059245;,
  0.054991;0.873565;-0.075550;,
  0.056838;0.870451;-0.099818;,
  0.053994;0.898424;-0.124193;,
  0.048053;0.881672;-0.145738;,
  0.055456;0.852435;-0.120213;,
  0.037330;0.901223;-0.051471;,
  0.050603;0.884907;-0.063953;,
  -0.002628;0.903477;-0.044124;,
  -0.004870;0.936904;-0.080281;,
  0.028857;0.933603;-0.086571;,
  0.057485;0.833841;-0.107342;,
  0.045720;0.815763;-0.125008;,
  0.046086;0.794518;-0.096004;,
  0.034548;0.765989;-0.093573;,
  0.016323;0.755978;-0.100510;,
  0.014489;0.765227;-0.081587;,
  0.030087;0.886284;-0.159488;,
  0.040094;0.910918;-0.137454;,
  0.045867;0.923193;-0.100545;,
  0.031990;0.931793;-0.117730;,
  -0.003617;0.939039;-0.115875;,
  0.013876;0.937854;-0.115948;,
  0.001279;0.864861;-0.033745;,
  0.045867;0.923193;-0.100545;,
  0.031990;0.931793;-0.117730;,
  0.064136;0.837476;-0.073593;,
  0.070959;0.871098;-0.072238;,
  0.065319;0.882348;-0.089418;,
  0.060094;0.863154;-0.084201;,
  0.070959;0.871098;-0.072238;,
  0.064136;0.837476;-0.073593;,
  0.065319;0.882348;-0.089418;,
  0.056838;0.870451;-0.099818;,
  0.059745;0.846485;-0.092709;,
  0.058061;0.834823;-0.071892;,
  0.043808;0.834565;-0.136765;,
  0.059745;0.846485;-0.092709;,
  0.038299;0.782663;-0.017639;,
  0.039750;0.811690;-0.034461;,
  0.067709;0.761755;-0.002965;,
  0.043897;0.836345;-0.051037;,
  0.015606;0.756043;-0.059737;,
  0.018879;0.732984;-0.064592;,
  0.032449;0.539977;-0.083179;,
  -0.042588;0.473222;0.026924;,
  -0.043340;0.439526;0.020548;,
  -0.038352;0.422820;0.023906;,
  0.016622;0.776766;-0.069077;,
  -0.009750;0.428408;-0.038023;,
  0.013876;0.937854;-0.115948;,
  -0.003617;0.939039;-0.115875;,
  0.033336;0.790115;-0.114554;,
  0.024831;0.805006;-0.132656;,
  0.025755;0.796701;-0.127822;,
  0.005261;0.880033;-0.169344;,
  0.008093;0.854748;-0.169097;,
  0.024862;0.828672;-0.141796;,
  -0.023587;0.581822;0.024641;,
  0.067709;0.761755;-0.002965;,
  0.093151;-0.000654;0.041299;,
  0.033209;0.784574;-0.110948;,
  0.026398;0.778410;-0.116137;,
  0.025523;0.784330;-0.115570;,
  0.013857;0.794329;-0.144546;,
  0.013612;0.791873;-0.132111;,
  0.025431;0.785179;-0.121730;,
  0.013959;0.783017;-0.116654;,
  0.015003;0.774279;-0.118113;,
  0.011003;0.825488;-0.160023;,
  0.011334;0.819486;-0.151820;,
  0.077114;0.721816;0.049997;,
  0.014435;0.782059;-0.125436;,
  0.070831;0.709969;0.018366;,
  0.081375;0.706082;0.004244;,
  0.093924;0.714113;-0.023442;,
  0.050603;0.884907;-0.063953;,
  0.067396;0.191074;0.040432;,
  0.043019;0.191667;-0.035079;,
  0.043459;0.120228;-0.008361;,
  0.056875;0.127117;0.076344;,
  0.083016;0.236115;-0.006182;,
  0.051508;0.246139;-0.047424;,
  0.078393;0.332993;-0.022866;,
  0.035023;0.338216;-0.064379;,
  0.068839;0.431100;-0.045447;,
  0.029132;0.425462;-0.079313;,
  0.056228;0.481025;-0.055862;,
  0.040935;0.051251;0.007521;,
  0.047476;0.062686;0.116681;,
  -0.010271;0.161885;0.130047;,
  -0.015085;0.100173;0.163187;,
  -0.032965;0.069722;0.054188;,
  -0.029034;0.139975;0.033959;,
  -0.017579;0.203512;0.008714;,
  -0.005401;0.224854;0.096747;,
  -0.014674;0.259973;-0.011070;,
  0.002996;0.262415;0.074766;,
  -0.012124;0.345024;0.060277;,
  -0.031303;0.341526;0.012394;,
  -0.042988;0.411873;0.018162;,
  0.070831;0.709969;0.018366;,
  -0.052273;0.733386;-0.076748;,
  -0.055903;0.713990;-0.082802;,
  -0.015309;0.736086;-0.069817;,
  -0.018018;0.765889;-0.053903;,
  -0.060541;0.705945;-0.090146;,
  -0.066803;0.675086;-0.082859;,
  -0.020409;0.673872;-0.095277;,
  -0.014391;0.704384;-0.087504;,
  -0.034419;0.787189;-0.020860;,
  -0.062200;0.766829;0.000887;,
  -0.088222;0.758947;-0.015031;,
  -0.071916;0.756871;-0.035030;,
  -0.087707;0.538349;-0.046282;,
  -0.079486;0.547228;-0.044808;,
  -0.062449;0.539317;-0.009103;,
  -0.065455;0.527455;-0.004946;,
  -0.045811;0.551818;-0.089575;,
  -0.068513;0.525664;-0.082891;,
  -0.006352;0.546667;-0.102014;,
  -0.042732;0.503210;-0.102904;,
  -0.013678;0.490511;-0.097752;,
  -0.025944;0.532503;0.012505;,
  -0.029820;0.518375;0.015842;,
  -0.071567;0.631784;0.012707;,
  -0.078225;0.673569;0.019409;,
  -0.028576;0.672569;0.047387;,
  -0.027382;0.631475;0.039995;,
  -0.022846;0.464068;-0.117242;,
  -0.070365;0.453102;-0.105663;,
  -0.055848;0.364776;-0.153721;,
  -0.009781;0.376026;-0.156319;,
  -0.039478;0.273962;-0.170491;,
  0.006940;0.282246;-0.192175;,
  0.010145;0.457184;-0.076510;,
  0.019137;0.364132;-0.112278;,
  -0.022834;0.335423;-0.055836;,
  -0.049092;0.418108;0.001587;,
  0.011162;0.271493;-0.144923;,
  -0.012092;0.266774;-0.111325;,
  -0.087548;0.341101;-0.102438;,
  -0.093982;0.419111;-0.059806;,
  -0.047252;0.270790;-0.131623;,
  -0.060589;-0.000401;-0.133085;,
  -0.082736;-0.002097;-0.093446;,
  -0.054465;-0.000347;-0.073130;,
  -0.022213;0.001985;-0.109705;,
  -0.010530;0.218726;-0.169710;,
  -0.051972;0.222365;-0.160524;,
  -0.057748;0.148698;-0.149487;,
  -0.018176;0.145695;-0.159771;,
  -0.060455;0.069987;-0.134501;,
  -0.028543;0.068552;-0.148381;,
  0.011840;0.202354;-0.126863;,
  -0.005149;0.145494;-0.123180;,
  -0.022572;0.159340;-0.086590;,
  -0.014222;0.224573;-0.082888;,
  -0.028198;0.063106;-0.117098;,
  -0.044316;0.081853;-0.098138;,
  -0.076320;0.160062;-0.117680;,
  -0.076013;0.234594;-0.119089;,
  -0.064543;0.086933;-0.111244;,
  -0.078363;0.497448;-0.084796;,
  0.010145;0.457184;-0.076510;,
  -0.078335;0.480680;0.005955;,
  -0.108404;0.489199;-0.039928;,
  -0.073793;0.431472;-0.006662;,
  -0.100260;0.434393;-0.049907;,
  -0.063879;0.585200;0.000006;,
  -0.091341;0.632168;-0.017349;,
  -0.093782;0.638636;-0.037076;,
  -0.079197;0.590270;-0.037207;,
  -0.047791;0.598028;-0.076490;,
  -0.063408;0.646103;-0.080625;,
  -0.013368;0.596242;-0.090998;,
  -0.016447;0.646206;-0.096333;,
  -0.085232;0.682433;-0.092161;,
  -0.100710;0.634624;-0.098459;,
  -0.048077;0.684467;-0.053288;,
  -0.108901;0.579594;-0.096485;,
  -0.073287;0.570710;-0.064641;,
  -0.056774;0.623910;-0.059151;,
  -0.088572;0.676294;-0.008508;,
  -0.056774;0.623910;-0.059151;,
  -0.100336;0.626587;-0.009546;,
  -0.073287;0.570710;-0.064641;,
  -0.108383;0.576059;-0.023021;,
  -0.099602;0.678880;-0.008236;,
  -0.144363;0.637616;-0.048838;,
  -0.128342;0.684237;-0.042291;,
  -0.143927;0.584877;-0.054730;,
  -0.109724;0.685655;-0.075249;,
  -0.109564;0.557301;-0.108019;,
  -0.105175;0.497852;-0.112003;,
  -0.079370;0.486435;-0.088527;,
  -0.068394;0.543317;-0.070472;,
  -0.105010;0.447417;-0.113922;,
  -0.086684;0.446601;-0.094473;,
  -0.068394;0.543317;-0.070472;,
  -0.079370;0.486435;-0.088527;,
  -0.123594;0.486071;-0.052223;,
  -0.110597;0.541147;-0.023954;,
  -0.086684;0.446601;-0.094473;,
  -0.120087;0.446533;-0.073789;,
  -0.143111;0.495139;-0.070414;,
  -0.151665;0.555076;-0.061177;,
  -0.131149;0.444461;-0.086901;,
  -0.092235;0.312299;-0.095061;,
  -0.127714;0.330363;-0.068793;,
  -0.117922;0.344558;-0.055611;,
  -0.081850;0.326625;-0.081992;,
  -0.063661;0.360735;-0.100412;,
  -0.063640;0.361269;-0.112066;,
  -0.076471;0.354352;-0.109107;,
  -0.071694;0.352988;-0.099289;,
  -0.117229;0.418123;-0.062261;,
  -0.074529;0.413694;-0.087345;,
  -0.086035;0.383833;-0.100942;,
  -0.126406;0.382217;-0.066991;,
  -0.136494;0.373307;-0.081721;,
  -0.137923;0.417122;-0.093918;,
  -0.093762;0.413342;-0.121076;,
  -0.097850;0.375584;-0.114684;,
  -0.100657;0.739470;-0.037441;,
  -0.098166;0.738468;-0.067232;,
  -0.062690;0.751738;-0.057038;,
  -0.071916;0.756871;-0.035030;,
  -0.104208;0.676858;-0.011616;,
  -0.032726;0.779037;-0.048289;,
  -0.082303;0.722998;-0.084313;,
  -0.072064;0.698868;-0.078080;,
  -0.055903;0.713990;-0.082802;,
  -0.052273;0.733386;-0.076748;,
  -0.106618;0.718493;-0.015842;,
  -0.107551;0.722037;-0.020271;,
  -0.077311;0.713724;0.014604;,
  -0.025544;0.711269;0.040918;,
  -0.016875;0.764516;0.014529;,
  -0.088222;0.758947;-0.015031;,
  -0.107551;0.722037;-0.020271;,
  -0.070500;0.697143;-0.061006;,
  -0.048077;0.684467;-0.053288;,
  -0.101666;0.710544;-0.026801;,
  -0.071357;0.671625;-0.069283;,
  -0.092391;0.674188;-0.041279;,
  -0.060541;0.705945;-0.090146;,
  -0.104068;0.676655;-0.029291;,
  -0.074529;0.413694;-0.087345;,
  -0.027221;0.806340;-0.051106;,
  -0.024050;0.818126;-0.032144;,
  -0.001447;0.825685;-0.019959;,
  -0.009541;0.790851;-0.005364;,
  -0.097850;0.375584;-0.114684;,
  -0.092235;0.312299;-0.095061;,
  -0.127714;0.330363;-0.068793;,
  -0.070109;0.379225;-0.117753;,
  -0.062559;0.379220;-0.092974;,
  -0.062559;0.379220;-0.092974;,
  -0.077671;0.369835;-0.093581;,
  -0.091622;0.376282;-0.112805;,
  -0.091622;0.376282;-0.112805;,
  -0.063640;0.361269;-0.112066;,
  -0.063661;0.360735;-0.100412;,
  -0.076471;0.354352;-0.109107;,
  -0.022873;0.024011;-0.199368;,
  -0.021860;0.002446;-0.208578;,
  0.028921;0.005758;-0.218574;,
  0.024647;0.024072;-0.211821;,
  -0.047434;0.033610;-0.079514;,
  -0.021236;0.027061;-0.110878;,
  -0.022213;0.001985;-0.109705;,
  -0.054465;-0.000347;-0.073130;,
  -0.044316;0.081853;-0.098138;,
  -0.081199;0.034576;-0.103886;,
  -0.064543;0.086933;-0.111244;,
  -0.060589;-0.000401;-0.133085;,
  -0.062343;0.034515;-0.135619;,
  -0.082736;-0.002097;-0.093446;,
  -0.028543;0.068552;-0.148381;,
  -0.060455;0.069987;-0.134501;,
  0.041249;0.021994;-0.187442;,
  0.051402;0.007088;-0.189888;,
  0.051402;0.007088;-0.189888;,
  -0.021860;0.002446;-0.208578;,
  0.019137;0.364132;-0.112278;,
  0.011162;0.271493;-0.144923;,
  0.011840;0.202354;-0.126863;,
  -0.005149;0.145494;-0.123180;,
  -0.028198;0.063106;-0.117098;,
  -0.028198;0.063106;-0.117098;,
  -0.036410;0.798545;-0.064621;,
  -0.015151;0.796257;-0.062219;,
  -0.016604;0.782692;-0.073596;,
  -0.025801;0.786450;-0.078823;,
  -0.032378;0.827768;-0.054237;,
  -0.027170;0.847637;-0.041562;,
  -0.019241;0.912824;-0.145685;,
  -0.000043;0.918948;-0.147219;,
  -0.024076;0.830401;-0.151290;,
  -0.006537;0.827944;-0.155656;,
  -0.023279;0.859067;-0.159061;,
  -0.032807;0.801223;-0.092577;,
  -0.044077;0.823338;-0.076177;,
  -0.036515;0.812901;-0.062955;,
  -0.049381;0.861829;-0.079928;,
  -0.048478;0.858609;-0.104235;,
  -0.041455;0.841538;-0.124278;,
  -0.038633;0.871925;-0.149374;,
  -0.049900;0.886742;-0.128551;,
  -0.048591;0.873753;-0.068114;,
  -0.040345;0.892489;-0.054729;,
  -0.002628;0.903477;-0.044124;,
  -0.036387;0.926267;-0.089308;,
  -0.004870;0.936904;-0.080281;,
  -0.040367;0.822838;-0.111447;,
  -0.021512;0.786917;-0.098839;,
  -0.023468;0.807983;-0.127911;,
  -0.004178;0.761634;-0.095197;,
  -0.021062;0.880533;-0.161633;,
  -0.038068;0.902129;-0.140733;,
  -0.036453;0.924097;-0.120601;,
  -0.049451;0.912475;-0.104543;,
  -0.020345;0.934006;-0.117383;,
  -0.003617;0.939039;-0.115875;,
  0.001279;0.864861;-0.033745;,
  -0.049451;0.912475;-0.104543;,
  -0.036453;0.924097;-0.120601;,
  -0.050427;0.824594;-0.078398;,
  -0.051315;0.850627;-0.088874;,
  -0.060216;0.868232;-0.094684;,
  -0.064623;0.855853;-0.077925;,
  -0.050427;0.824594;-0.078398;,
  -0.064623;0.855853;-0.077925;,
  -0.060216;0.868232;-0.094684;,
  -0.048478;0.858609;-0.104235;,
  -0.046577;0.834529;-0.097169;,
  -0.044077;0.823338;-0.076177;,
  -0.024807;0.826849;-0.139643;,
  -0.046577;0.834529;-0.097169;,
  -0.027221;0.806340;-0.051106;,
  -0.032726;0.779037;-0.048289;,
  -0.062690;0.751738;-0.057038;,
  -0.032378;0.827768;-0.054237;,
  -0.042588;0.473222;0.026924;,
  -0.043340;0.439526;0.020548;,
  -0.038352;0.422820;0.023906;,
  -0.009750;0.428408;-0.038023;,
  -0.020345;0.934006;-0.117383;,
  -0.003617;0.939039;-0.115875;,
  -0.006615;0.785623;-0.116230;,
  0.000389;0.793848;-0.128886;,
  -0.000155;0.802197;-0.133704;,
  -0.004676;0.825351;-0.143035;,
  -0.023587;0.581822;0.024641;,
  -0.062690;0.751738;-0.057038;,
  0.028921;0.005758;-0.218574;,
  0.002853;0.775763;-0.117125;,
  -0.005560;0.780215;-0.112574;,
  0.002344;0.781723;-0.116542;,
  0.002754;0.782629;-0.122682;,
  -0.101666;0.710544;-0.026801;,
  -0.073758;0.701122;-0.043869;,
  -0.070500;0.697143;-0.061006;,
  -0.060541;0.705945;-0.090146;,
  -0.048591;0.873753;-0.068114;,
  0.032745;0.213100;-0.144018;,
  0.022268;0.136841;-0.145478;,
  0.034708;0.127298;-0.083226;,
  0.036452;0.203499;-0.089116;,
  0.036709;0.276924;-0.154010;,
  0.044808;0.263071;-0.100132;,
  0.029624;0.366671;-0.123748;,
  0.033619;0.351331;-0.095721;,
  0.022340;0.452695;-0.104182;,
  0.026583;0.436057;-0.094688;,
  0.026920;0.478855;-0.087793;,
  -0.013678;0.490511;-0.097752;,
  0.019595;0.064599;-0.146048;,
  0.035993;0.062050;-0.080678;,
  -0.039676;0.077108;-0.048155;,
  -0.064532;0.086933;-0.111235;,
  -0.076320;0.160062;-0.117680;,
  -0.034205;0.151429;-0.059015;,
  -0.076013;0.234594;-0.119089;,
  -0.028833;0.222600;-0.073761;,
  -0.022476;0.261784;-0.079457;,
  -0.047252;0.270790;-0.131623;,
  -0.087547;0.341101;-0.102438;,
  -0.030023;0.328533;-0.041438;,
  -0.043340;0.439526;0.020548;,
  -0.073793;0.431472;-0.006662;,
  -0.073758;0.701122;-0.043869;,
  -0.022846;0.464068;-0.117242;,
  -0.009781;0.376026;-0.156319;,
  0.006940;0.282246;-0.192175;,
  -0.010530;0.218726;-0.169710;,
  -0.018176;0.145695;-0.159771;,
  -0.028543;0.068552;-0.148381;,
  0.070100;0.350246;0.076150;,
  -0.005708;0.432293;0.045557;,
  0.049458;0.422309;0.052838;,
  0.059622;0.262597;0.069580;,
  0.061648;0.234774;0.112262;,
  0.054189;0.165454;0.138647;,
  0.033821;0.093262;0.159106;,
  -0.093982;0.419111;-0.059806;;
  916;
  3;0,2,1;,
  3;2,0,3;,
  3;4,6,5;,
  3;6,4,7;,
  3;8,10,9;,
  3;10,8,11;,
  3;12,14,13;,
  3;14,12,15;,
  3;16,12,17;,
  3;12,16,15;,
  3;18,20,19;,
  3;20,18,16;,
  3;5,22,21;,
  3;22,5,6;,
  3;13,24,23;,
  3;24,13,14;,
  3;25,27,26;,
  3;27,25,28;,
  3;29,31,30;,
  3;31,29,32;,
  3;31,33,30;,
  3;33,31,34;,
  3;35,37,36;,
  3;37,35,38;,
  3;38,39,37;,
  3;39,38,40;,
  3;36,42,41;,
  3;42,36,37;,
  3;37,43,42;,
  3;43,37,39;,
  3;41,31,32;,
  3;31,41,42;,
  3;42,34,31;,
  3;34,42,43;,
  3;44,46,45;,
  3;46,44,47;,
  3;48,50,49;,
  3;50,48,51;,
  3;49,53,52;,
  3;53,49,50;,
  3;54,56,55;,
  3;56,54,57;,
  3;57,58,56;,
  3;58,57,59;,
  3;55,61,60;,
  3;61,55,56;,
  3;56,62,61;,
  3;62,56,58;,
  3;60,50,51;,
  3;50,60,61;,
  3;61,53,50;,
  3;53,61,62;,
  3;32,20,63;,
  3;20,32,29;,
  3;64,66,65;,
  3;66,64,19;,
  3;13,67,12;,
  3;67,13,68;,
  3;68,69,67;,
  3;69,68,70;,
  3;70,41,69;,
  3;41,70,36;,
  3;48,34,51;,
  3;34,48,33;,
  3;51,43,60;,
  3;43,51,34;,
  3;43,55,60;,
  3;55,43,39;,
  3;39,54,55;,
  3;54,39,40;,
  3;12,63,17;,
  3;63,12,67;,
  3;67,32,63;,
  3;32,67,69;,
  3;69,41,32;,
  3;71,72,25;,
  3;73,75,74;,
  3;75,73,76;,
  3;75,77,74;,
  3;77,75,78;,
  3;79,78,80;,
  3;78,79,77;,
  3;81,83,82;,
  3;83,85,84;,
  3;85,83,86;,
  3;87,89,88;,
  3;89,90,88;,
  3;90,89,91;,
  3;92,94,93;,
  3;92,88,94;,
  3;92,87,88;,
  3;88,95,94;,
  3;95,88,90;,
  3;96,94,83;,
  3;94,86,83;,
  3;86,94,95;,
  3;97,99,98;,
  3;99,97,100;,
  3;100,101,99;,
  3;101,100,102;,
  3;103,105,104;,
  3;105,103,106;,
  3;106,107,105;,
  3;107,106,108;,
  3;104,110,109;,
  3;110,104,105;,
  3;105,111,110;,
  3;111,105,107;,
  3;109,100,97;,
  3;100,109,110;,
  3;110,102,100;,
  3;102,110,111;,
  3;112,114,113;,
  3;114,112,115;,
  3;116,118,117;,
  3;118,116,119;,
  3;120,122,121;,
  3;122,120,123;,
  3;120,125,124;,
  3;125,120,121;,
  3;126,125,127;,
  3;125,126,124;,
  3;95,97,86;,
  3;97,95,109;,
  3;86,98,85;,
  3;98,86,97;,
  3;90,103,104;,
  3;103,90,91;,
  3;104,95,90;,
  3;95,104,109;,
  3;128,96,129;,
  3;96,128,93;,
  3;129,130,128;,
  3;130,129,131;,
  3;72,28,25;,
  3;28,72,132;,
  3;9,133,8;,
  3;134,136,135;,
  3;136,134,137;,
  3;81,137,134;,
  3;138,11,139;,
  3;138,10,11;,
  3;138,140,10;,
  3;141,11,142;,
  3;11,141,139;,
  3;128,130,143;,
  3;93,144,92;,
  3;93,143,144;,
  3;93,128,143;,
  3;145,87,146;,
  3;87,145,147;,
  3;74,148,73;,
  3;148,74,149;,
  3;150,147,145;,
  3;7,149,74;,
  3;148,151,73;,
  3;102,152,101;,
  3;152,102,126;,
  3;102,124,126;,
  3;124,102,111;,
  3;111,120,124;,
  3;120,111,107;,
  3;120,108,123;,
  3;108,120,107;,
  3;8,154,153;,
  3;154,8,133;,
  3;153,155,8;,
  3;155,153,156;,
  3;121,113,114;,
  3;113,121,122;,
  3;122,112,113;,
  3;112,122,157;,
  3;158,125,159;,
  3;125,158,127;,
  3;159,121,114;,
  3;121,159,125;,
  3;126,160,152;,
  3;160,126,161;,
  3;162,122,123;,
  3;122,162,163;,
  3;122,164,157;,
  3;164,122,163;,
  3;165,126,127;,
  3;126,165,161;,
  3;161,166,160;,
  3;166,161,167;,
  3;162,117,163;,
  3;117,162,116;,
  3;163,118,164;,
  3;118,163,117;,
  3;165,167,161;,
  3;167,165,168;,
  3;169,171,170;,
  3;171,169,172;,
  3;173,175,174;,
  3;175,173,176;,
  3;177,179,178;,
  3;179,177,173;,
  3;180,179,181;,
  3;179,180,182;,
  3;183,169,170;,
  3;169,183,184;,
  3;175,186,185;,
  3;186,175,176;,
  3;45,187,44;,
  3;187,45,188;,
  3;180,169,182;,
  3;169,180,172;,
  3;19,29,66;,
  3;20,29,19;,
  3;29,30,189;,
  3;30,190,189;,
  3;190,30,33;,
  3;33,191,190;,
  3;191,33,48;,
  3;191,49,192;,
  3;49,191,48;,
  3;192,52,193;,
  3;52,192,49;,
  3;194,170,186;,
  3;170,194,183;,
  3;170,185,186;,
  3;185,170,171;,
  3;186,176,194;,
  3;194,173,177;,
  3;173,194,176;,
  3;179,174,181;,
  3;174,179,173;,
  3;178,182,184;,
  3;182,178,179;,
  3;182,169,184;,
  3;16,17,20;,
  3;17,63,20;,
  3;66,195,65;,
  3;196,198,197;,
  3;198,196,199;,
  3;200,153,154;,
  3;153,200,201;,
  3;202,204,203;,
  3;205,207,206;,
  3;196,209,208;,
  3;209,196,197;,
  3;210,208,211;,
  3;208,210,196;,
  3;212,214,213;,
  3;214,212,215;,
  3;212,213,211;,
  3;201,217,216;,
  3;217,201,200;,
  3;218,220,219;,
  3;220,218,216;,
  3;210,199,196;,
  3;214,205,206;,
  3;221,223,222;,
  3;197,198,224;,
  3;224,226,225;,
  3;226,224,198;,
  3;227,214,206;,
  3;228,229,213;,
  3;229,228,230;,
  3;219,232,231;,
  3;214,228,213;,
  3;156,201,233;,
  3;201,156,153;,
  3;233,216,218;,
  3;216,233,201;,
  3;220,216,234;,
  3;235,220,234;,
  3;236,238,237;,
  3;238,236,239;,
  3;208,240,211;,
  3;240,208,241;,
  3;211,242,212;,
  3;242,211,240;,
  3;243,239,244;,
  3;239,243,238;,
  3;244,236,245;,
  3;236,244,239;,
  3;246,221,222;,
  3;221,246,215;,
  3;221,212,247;,
  3;212,221,215;,
  3;199,248,1;,
  3;248,199,249;,
  3;133,9,250;,
  3;249,210,251;,
  3;210,249,199;,
  3;210,211,251;,
  3;252,2,253;,
  3;2,252,1;,
  3;19,254,18;,
  3;254,19,64;,
  3;23,68,13;,
  3;68,23,255;,
  3;68,256,70;,
  3;256,68,255;,
  3;256,36,70;,
  3;36,256,257;,
  3;258,1,252;,
  3;1,258,199;,
  3;257,259,36;,
  3;36,259,35;,
  3;260,203,261;,
  3;203,260,202;,
  3;262,263,222;,
  3;263,262,264;,
  3;198,258,226;,
  3;258,198,199;,
  3;265,204,227;,
  3;265,206,266;,
  3;206,265,227;,
  3;222,267,246;,
  3;267,222,263;,
  3;89,87,147;,
  3;82,83,84;,
  3;78,16,18;,
  3;16,78,75;,
  3;75,15,16;,
  3;15,75,76;,
  3;15,71,14;,
  3;71,15,76;,
  3;14,268,24;,
  3;268,14,71;,
  3;248,269,1;,
  3;1,269,0;,
  3;135,129,134;,
  3;129,135,131;,
  3;134,96,81;,
  3;96,134,129;,
  3;96,83,81;,
  3;94,96,93;,
  3;29,189,66;,
  3;205,215,246;,
  3;267,205,246;,
  3;205,267,207;,
  3;205,214,215;,
  3;187,188,270;,
  3;224,272,271;,
  3;223,221,209;,
  3;224,223,197;,
  3;271,273,262;,
  3;273,271,272;,
  3;263,275,274;,
  3;273,276,262;,
  3;277,272,278;,
  3;272,277,273;,
  3;223,271,262;,
  3;271,223,224;,
  3;223,209,197;,
  3;208,221,247;,
  3;221,208,209;,
  3;222,223,262;,
  3;266,207,279;,
  3;207,266,206;,
  3;207,280,279;,
  3;280,207,267;,
  3;280,263,274;,
  3;263,280,267;,
  3;264,262,276;,
  3;76,73,72;,
  3;138,281,140;,
  3;73,132,72;,
  3;132,73,151;,
  3;72,71,76;,
  3;272,225,278;,
  3;155,11,8;,
  3;276,277,282;,
  3;277,276,273;,
  3;275,276,282;,
  3;276,275,264;,
  3;28,141,27;,
  3;141,28,139;,
  3;139,132,138;,
  3;132,139,28;,
  3;132,281,138;,
  3;281,132,151;,
  3;281,148,283;,
  3;148,281,151;,
  3;283,149,284;,
  3;149,283,148;,
  3;7,284,149;,
  3;284,7,4;,
  3;6,79,22;,
  3;79,6,77;,
  3;77,7,74;,
  3;7,77,6;,
  3;5,3,4;,
  3;3,5,2;,
  3;285,137,82;,
  3;137,285,136;,
  3;137,81,82;,
  3;92,146,87;,
  3;146,92,144;,
  3;2,21,253;,
  3;21,2,5;,
  3;286,213,229;,
  3;251,211,286;,
  3;213,286,211;,
  3;234,216,217;,
  3;227,202,228;,
  3;202,230,228;,
  3;230,202,260;,
  3;232,220,235;,
  3;228,214,227;,
  3;26,71,25;,
  3;71,26,268;,
  3;155,142,11;,
  3;18,80,78;,
  3;80,18,254;,
  3;272,224,225;,
  3;275,263,264;,
  3;202,227,204;,
  3;232,219,220;,
  3;287,289,288;,
  3;289,287,290;,
  3;291,288,292;,
  3;288,291,287;,
  3;293,292,294;,
  3;292,293,291;,
  3;295,294,296;,
  3;294,295,293;,
  3;296,297,295;,
  3;298,290,299;,
  3;290,298,289;,
  3;300,302,301;,
  3;302,300,303;,
  3;304,300,305;,
  3;300,304,303;,
  3;306,305,307;,
  3;305,306,304;,
  3;308,306,307;,
  3;306,308,309;,
  3;308,310,309;,
  3;145,146,311;,
  3;312,314,313;,
  3;314,312,315;,
  3;316,318,317;,
  3;318,316,319;,
  3;320,322,321;,
  3;322,320,323;,
  3;324,326,325;,
  3;326,324,327;,
  3;328,324,325;,
  3;324,328,329;,
  3;330,331,328;,
  3;331,330,332;,
  3;319,22,318;,
  3;22,319,21;,
  3;327,333,326;,
  3;333,327,334;,
  3;335,337,336;,
  3;337,335,338;,
  3;339,341,340;,
  3;341,339,342;,
  3;341,344,343;,
  3;344,341,342;,
  3;345,347,346;,
  3;347,345,348;,
  3;346,350,349;,
  3;350,346,347;,
  3;348,351,347;,
  3;351,348,352;,
  3;347,353,350;,
  3;353,347,351;,
  3;352,341,351;,
  3;341,352,340;,
  3;351,343,353;,
  3;343,351,341;,
  3;354,356,355;,
  3;356,354,357;,
  3;358,360,359;,
  3;360,358,361;,
