xof 0303txt 0032
template XSkinMeshHeader {
 <3cf169ce-ff7c-44ab-93c0-f78f62d172e2>
 WORD nMaxSkinWeightsPerVertex;
 WORD nMaxSkinWeightsPerFace;
 WORD nBones;
}

template VertexDuplicationIndices {
 <b8d65549-d7c9-4995-89cf-53a9a8b031e3>
 DWORD nIndices;
 DWORD nOriginalVertices;
 array DWORD indices[nIndices];
}

template SkinWeights {
 <6f0d123b-bad2-4167-a0d0-80224f25fabb>
 STRING transformNodeName;
 DWORD nWeights;
 array DWORD vertexIndices[nWeights];
 array FLOAT weights[nWeights];
 Matrix4x4 matrixOffset;
}

template AnimTicksPerSecond {
 <9e415a43-7ba6-4a73-8743-b73d47e88476>
 DWORD AnimTicksPerSecond;
}

template VertexElement {
 <f752461c-1e23-48f6-b9f8-8350850f336f>
 DWORD Type;
 DWORD Method;
 DWORD Usage;
 DWORD UsageIndex;
}

template DeclData {
 <bf22e553-292c-4781-9fea-62bd554bdd93>
 DWORD nElements;
 array VertexElement Elements[nElements];
 DWORD nDWords;
 array DWORD data[nDWords];
}


AnimTicksPerSecond {
 4800;
}

Frame Dummy01 {
 

 FrameTransformMatrix {
  1.000000,0.000000,0.000000,0.000000,0.000000,-0.000000,-1.000000,0.000000,0.000000,1.000000,-0.000000,0.000000,0.000000,0.000000,0.000000,1.000000;;
 }

 Frame Bip01 {
  

  FrameTransformMatrix {
   0.338216,0.221703,-0.914581,0.000000,-0.268393,0.954215,0.132057,0.000000,0.901984,0.200804,0.382234,0.000000,-0.000603,-0.013603,0.046578,1.000000;;
  }

  Frame Bip01_Pelvis {
   

   FrameTransformMatrix {
    -0.014425,0.993511,0.112816,0.000000,0.303526,-0.103153,0.947223,0.000000,0.952714,0.047906,-0.300069,0.000000,0.000000,0.000000,0.000000,1.000000;;
   }

   Frame Bip01_Spine {
    

    FrameTransformMatrix {
     0.981829,-0.174390,0.074828,0.000000,0.186395,0.960238,-0.207846,0.000000,-0.035606,0.218017,0.975295,0.000000,0.051301,-0.005345,0.002391,1.000000;;
    }

    Frame Bip01_Spine1 {
     

     FrameTransformMatrix {
      0.961385,-0.002127,0.275198,0.000000,-0.004761,0.999692,0.024360,0.000000,-0.275165,-0.024729,0.961079,0.000000,0.106503,0.000002,-0.000081,1.000000;;
     }

     Frame Bip01_Neck {
      

      FrameTransformMatrix {
       0.847329,0.316069,-0.426771,0.000000,-0.303531,0.947645,0.099188,0.000000,0.435778,0.045493,0.898904,0.000000,0.130493,-0.000001,0.004628,1.000000;;
      }

      Frame Bip01_Head {
       

       FrameTransformMatrix {
        0.900473,-0.187451,0.392442,0.000000,0.298681,0.922441,-0.244730,0.000000,-0.316130,0.337588,0.886621,0.000000,0.033674,-0.000000,0.000000,1.000000;;
       }

       Frame Bip01_HeadNub {
        

        FrameTransformMatrix {
         1.000000,0.000000,0.000000,0.000000,-0.000000,1.000000,-0.000000,0.000000,-0.000000,-0.000000,1.000000,0.000000,0.169824,0.000000,0.000000,1.000000;;
        }
       }
      }

      Frame Bip01_L_Clavicle {
       

       FrameTransformMatrix {
        -0.047950,0.979504,0.195637,0.000000,0.863620,-0.057754,0.500825,0.000000,0.501858,0.192970,-0.843149,0.000000,-0.013405,0.021723,-0.013909,1.000000;;
       }

       Frame Bip01_L_UpperArm {
        

        FrameTransformMatrix {
         0.952531,-0.213712,-0.216823,0.000000,-0.113706,0.410925,-0.904551,0.000000,0.282411,0.886267,0.367118,0.000000,0.087086,0.000000,0.000000,1.000000;;
        }

        Frame Bip01_L_Forearm {
         

         FrameTransformMatrix {
          0.556786,-0.000000,-0.830656,0.000000,-0.000000,1.000000,-0.000000,0.000000,0.830656,0.000000,0.556786,0.000000,0.137062,0.000000,0.000000,1.000000;;
         }

         Frame Bip01_L_Hand {
          

          FrameTransformMatrix {
           0.970537,-0.210926,-0.116486,0.000000,0.129164,0.047313,0.990494,0.000000,-0.203409,-0.976356,0.073163,0.000000,0.137062,-0.000000,0.000000,1.000000;;
          }

          Frame Bip01_L_Finger0 {
           

           FrameTransformMatrix {
            0.556874,-0.020367,0.830347,0.000000,0.558537,0.749101,-0.356210,0.000000,-0.614759,0.662144,0.428531,0.000000,0.057681,-0.023605,-0.000272,1.000000;;
           }

           Frame Bip01_L_Finger0Nub {
            

            FrameTransformMatrix {
             1.000000,-0.000000,-0.000000,0.000000,0.000000,1.000000,-0.000000,0.000000,0.000000,-0.000000,1.000000,0.000000,0.029435,0.000000,-0.000000,1.000000;;
            }
           }
          }

          Frame Bip01_L_Finger1 {
           

           FrameTransformMatrix {
            0.963133,-0.000214,0.269027,0.000000,0.000000,1.000000,0.000796,0.000000,-0.269027,-0.000767,0.963132,0.000000,0.084102,-0.000000,0.000000,1.000000;;
           }

           Frame Bip01_L_Finger1Nub {
            

            FrameTransformMatrix {
             1.000000,0.000000,0.000000,0.000000,0.000000,1.000000,0.000000,0.000000,0.000000,0.000000,1.000000,0.000000,0.047988,0.000000,-0.000000,1.000000;;
            }
           }
          }
         }
        }
       }
      }

      Frame Bip01_R_Clavicle {
       

       FrameTransformMatrix {
        -0.293378,-0.953291,-0.071876,0.000000,-0.850485,0.294595,-0.435762,0.000000,0.436582,-0.066713,-0.897188,0.000000,-0.023338,-0.008061,-0.015339,1.000000;;
       }

       Frame Bip01_R_UpperArm {
        

        FrameTransformMatrix {
         0.625892,0.776570,-0.072102,0.000000,-0.288982,0.316788,0.903402,0.000000,0.724396,-0.544596,0.422690,0.000000,0.087086,0.000000,0.000000,1.000000;;
        }

        Frame Bip01_R_Forearm {
         

         FrameTransformMatrix {
          -0.457206,0.000000,-0.889361,0.000000,0.000000,1.000000,-0.000000,0.000000,0.889361,0.000000,-0.457206,0.000000,0.137062,0.000000,0.000000,1.000000;;
         }

         Frame Bip01_R_Hand {
          

          FrameTransformMatrix {
           0.990952,0.002661,-0.134191,0.000000,-0.126129,-0.323358,-0.937833,0.000000,-0.045887,0.946273,-0.320097,0.000000,0.137062,0.000000,0.000000,1.000000;;
          }

          Frame Bip01_R_Finger0 {
           

           FrameTransformMatrix {
            0.556874,0.020367,0.830347,0.000000,-0.558537,0.749101,0.356210,0.000000,-0.614759,-0.662144,0.428531,0.000000,0.057681,0.023605,-0.000272,1.000000;;
           }

           Frame Bip01_R_Finger0Nub {
            

            FrameTransformMatrix {
             -1.000000,0.000000,0.000000,0.000000,-0.000000,1.000000,-0.000000,0.000000,0.000000,-0.000000,-1.000000,0.000000,0.029435,0.000000,0.000000,1.000000;;
            }
           }
          }

          Frame Bip01_R_Finger1 {
           

           FrameTransformMatrix {
            0.864703,0.000400,0.502282,0.000000,0.000000,1.000000,-0.000796,0.000000,-0.502283,0.000689,0.864703,0.000000,0.084102,-0.000000,-0.000000,1.000000;;
           }

           Frame Bip01_R_Finger1Nub {
            

            FrameTransformMatrix {
             -1.000000,0.000000,0.000000,0.000000,-0.000000,1.000000,-0.000000,0.000000,-0.000000,0.000000,-1.000000,0.000000,0.047988,0.000000,0.000000,1.000000;;
            }
           }
          }
         }
        }
       }
      }
     }

     Frame Bip01_BackPack {
      

      FrameTransformMatrix {
       0.180560,0.080500,-0.980264,0.000000,0.047560,0.994765,0.090451,0.000000,0.982413,-0.062954,0.175786,0.000000,0.063697,0.000003,-0.088856,1.000000;;
      }

      Frame Bip01_BackPackNub {
       

       FrameTransformMatrix {
        0.000796,0.000003,1.000000,0.000000,0.000000,-1.000000,0.000003,0.000000,1.000000,-0.000000,-0.000796,0.000000,0.053240,0.000000,0.000000,1.000000;;
       }
      }
     }
    }

    Frame Bip01_L_Thigh {
     

     FrameTransformMatrix {
      -0.982321,0.163833,0.090573,0.000000,-0.174031,-0.977480,-0.119362,0.000000,0.068978,-0.133014,0.988711,0.000000,-0.061111,0.049096,0.012700,1.000000;;
     }

     Frame Bip01_L_Calf {
      

      FrameTransformMatrix {
       0.936369,0.000000,-0.351019,0.000000,-0.000000,1.000000,0.000000,0.000000,0.351019,0.000000,0.936369,0.000000,0.237500,0.000000,0.000000,1.000000;;
      }

      Frame Bip01_L_Foot {
       

       FrameTransformMatrix {
        0.976931,0.208845,-0.044607,0.000000,-0.174456,0.900935,0.397342,0.000000,0.123170,-0.380394,0.916586,0.000000,0.206841,0.000000,0.000000,1.000000;;
       }

       Frame Bip01_L_Toe0 {
        

        FrameTransformMatrix {
         -0.672771,-0.067729,0.736745,0.000000,-0.409982,0.863056,-0.295041,0.000000,-0.615869,-0.500547,-0.608407,0.000000,0.065373,0.000000,0.066450,1.000000;;
        }

        Frame Bip01_L_Toe0Nub {
         

         FrameTransformMatrix {
          -1.000000,0.000000,-0.000000,0.000000,0.000000,1.000000,-0.000000,0.000000,0.000000,0.000000,-1.000000,0.000000,0.006735,0.000000,-0.000000,1.000000;;
         }
        }
       }
      }
     }
    }

    Frame Bip01_R_Thigh {
     

     FrameTransformMatrix {
      -0.980208,-0.185961,-0.067908,0.000000,0.179129,-0.979156,0.095740,0.000000,-0.084296,0.081680,0.993088,0.000000,-0.041849,-0.056963,-0.011380,1.000000;;
     }

     Frame Bip01_R_Calf {
      

      FrameTransformMatrix {
       0.946143,-0.000000,-0.323749,0.000000,-0.000000,1.000000,0.000000,0.000000,0.323749,-0.000000,0.946143,0.000000,0.237500,-0.000000,0.000000,1.000000;;
      }

      Frame Bip01_R_Foot {
       

       FrameTransformMatrix {
        0.987674,0.148294,-0.050100,0.000000,-0.151207,0.986652,-0.060453,0.000000,0.040466,0.067283,0.996913,0.000000,0.206841,-0.000000,0.000000,1.000000;;
       }

       Frame Bip01_R_Toe0 {
        

        FrameTransformMatrix {
         -0.029522,-0.728314,0.684607,0.000000,-0.639475,0.540166,0.547076,0.000000,-0.768245,-0.421639,-0.481686,0.000000,0.065373,0.000000,0.066450,1.000000;;
        }

        Frame Bip01_R_Toe0Nub {
         

         FrameTransformMatrix {
          1.000000,0.000000,0.000000,0.000000,0.000000,1.000000,0.000000,0.000000,-0.000000,0.000000,1.000000,0.000000,0.006735,0.000000,0.000000,1.000000;;
         }
        }
       }
      }
     }
    }
   }

   Frame Bip01_DressFront {
    

    FrameTransformMatrix {
     -0.983318,0.040432,-0.177344,0.000000,0.037280,0.999083,0.021066,0.000000,0.178033,0.014103,-0.983923,0.000000,-0.043227,0.001461,0.056662,1.000000;;
    }

    Frame Bip01_DressFront02 {
     

     FrameTransformMatrix {
      0.999660,0.025930,-0.002552,0.000000,-0.025568,0.995096,0.095549,0.000000,0.005017,-0.095451,0.995422,0.000000,0.183324,0.000013,-0.000131,1.000000;;
     }

     Frame Bip01_DressFrontNub {
      

      FrameTransformMatrix {
       0.000796,0.000003,1.000000,0.000000,-0.000000,-1.000000,0.000003,0.000000,1.000000,-0.000000,-0.000796,0.000000,0.165302,-0.000000,-0.000000,1.000000;;
      }
     }
    }
   }

   Frame Bip01_DressBack {
    

    FrameTransformMatrix {
     -0.990890,0.121831,0.057395,0.000000,0.127464,0.985981,0.107677,0.000000,-0.043472,0.114012,-0.992528,0.000000,-0.047726,-0.000016,-0.078280,1.000000;;
    }

    Frame Bip01_DressBack02 {
     

     FrameTransformMatrix {
      0.988615,0.121618,-0.088600,0.000000,-0.114029,0.989730,0.086211,0.000000,0.098175,-0.075127,0.992329,0.000000,0.176148,0.000008,-0.000108,1.000000;;
     }

     Frame Bip01_DressBackNub {
      

      FrameTransformMatrix {
       0.000796,0.000003,1.000000,0.000000,0.000000,-1.000000,0.000003,0.000000,1.000000,0.000000,-0.000796,0.000000,0.136508,0.000000,0.000000,1.000000;;
      }
     }
    }
   }
  }

  Frame Bip01_Prop1 {
   

   FrameTransformMatrix {
    0.422404,-0.045727,-0.905253,0.000000,0.725946,-0.580963,0.368083,0.000000,-0.542750,-0.812645,-0.212206,0.000000,0.040939,0.120940,-0.074975,1.000000;;
   }
  }

  Frame Bip01_Prop2 {
   

   FrameTransformMatrix {
    0.190957,-0.913826,0.358409,0.000000,0.980104,0.157360,-0.120972,0.000000,0.054148,0.374378,0.925694,0.000000,0.136103,0.032881,0.178561,1.000000;;
   }
  }
 }
}

Frame Translation_Data {
 

 FrameTransformMatrix {
  1.000000,0.000000,0.000000,0.000000,0.000000,-0.000000,-1.000000,0.000000,0.000000,1.000000,-0.000000,0.000000,0.000000,0.000000,0.000000,1.000000;;
 }
}

Frame Body {
 

 FrameTransformMatrix {
  1.000000,0.000000,0.000000,0.000000,0.000000,1.000000,0.000000,0.000000,0.000000,0.000000,1.000000,0.000000,0.000000,0.000000,0.000000,1.000000;;
 }

 Mesh Body {
  617;
  -0.008727;0.028504;-0.250134;,
  -0.053294;0.037906;-0.266270;,
  -0.035734;0.027535;-0.239275;,
  0.005386;0.031167;-0.233902;,
  0.019330;0.045047;-0.226342;,
  -0.015172;0.017173;-0.211195;,
  0.005954;0.022256;-0.185816;,
  0.029598;0.062000;-0.198222;,
  -0.068883;0.071413;-0.285488;,
  -0.019486;0.069057;-0.276858;,
  -0.023163;0.107739;-0.279953;,
  -0.057074;0.107671;-0.274852;,
  0.071597;0.099598;-0.039816;,
  0.030762;0.119640;-0.023901;,
  0.025287;0.117211;-0.038242;,
  0.059223;0.100158;-0.051377;,
  0.058564;0.045359;-0.062500;,
  0.076621;0.057184;-0.033082;,
  0.035051;0.011461;-0.059199;,
  0.041156;0.009732;-0.002195;,
  0.067184;0.022840;-0.014191;,
  -0.052199;0.002754;-0.200879;,
  -0.040776;-0.000357;-0.169139;,
  -0.009889;0.115636;-0.013129;,
  -0.015859;0.111683;-0.028253;,
  -0.019835;0.141084;-0.141255;,
  -0.068605;0.129524;-0.126616;,
  -0.082387;0.132961;-0.167610;,
  -0.029685;0.145099;-0.186173;,
  0.076106;0.003534;0.031921;,
  0.131334;-0.007832;0.114382;,
  0.162093;0.027128;0.105053;,
  0.104153;0.045441;0.027028;,
  0.177942;-0.022100;0.198948;,
  0.196510;0.026801;0.192432;,
  0.033995;0.016015;0.056850;,
  0.019253;0.101047;0.084676;,
  0.084014;0.082144;0.154143;,
  0.087026;0.007329;0.141296;,
  0.142477;0.053864;0.219203;,
  0.148083;0.012190;0.218239;,
  0.100448;0.098477;0.058503;,
  0.154503;0.090276;0.117305;,
  0.176875;0.061748;0.198732;,
  0.283905;0.097194;0.446653;,
  0.252791;0.067852;0.460651;,
  0.225841;0.108484;0.458194;,
  0.251686;0.129225;0.447380;,
  0.199782;0.009554;0.252501;,
  0.229465;0.023601;0.318927;,
  0.248586;0.057486;0.306009;,
  0.220565;0.043846;0.238106;,
  0.266373;0.041597;0.389136;,
  0.272370;0.074130;0.380683;,
  0.165472;0.027098;0.285959;,
  0.146922;0.076810;0.268889;,
  0.182123;0.080958;0.324408;,
  0.198484;0.042325;0.333008;,
  0.232737;0.082299;0.383336;,
  0.246481;0.054621;0.400557;,
  0.206386;0.090527;0.230093;,
  0.236952;0.093356;0.298026;,
  0.251134;0.089312;0.369135;,
  0.087330;0.057268;-0.005115;,
  0.002524;-0.006260;0.009429;,
  0.007839;0.000990;0.045559;,
  0.033995;0.016015;0.056850;,
  0.087826;0.109642;0.010386;,
  0.037854;0.129387;0.024341;,
  0.093749;0.101552;0.051931;,
  0.047513;0.117356;0.065984;,
  -0.002925;0.129403;-0.092594;,
  0.014306;0.133685;-0.150803;,
  0.027851;0.121101;-0.160575;,
  0.035434;0.068825;-0.167474;,
  0.036567;0.064801;-0.114792;,
  0.032293;0.114280;-0.106199;,
  0.014511;0.025045;-0.159251;,
  0.023725;0.030538;-0.109603;,
  -0.034352;0.003154;-0.148395;,
  -0.018510;0.012145;-0.092366;,
  0.039199;0.020894;-0.211796;,
  0.033298;0.073273;-0.200971;,
  0.087338;0.007206;-0.204039;,
  0.091330;0.063301;-0.183366;,
  0.138342;0.052144;-0.181595;,
  0.136139;0.006370;-0.197662;,
  0.061845;0.091170;-0.251731;,
  0.111615;0.083882;-0.242783;,
  0.091330;0.063301;-0.183366;,
  0.166335;0.066252;-0.221682;,
  0.138342;0.052144;-0.181595;,
  0.062866;0.085816;-0.261667;,
  0.060210;0.041925;-0.270659;,
  0.107360;0.027755;-0.263650;,
  0.164307;0.020598;-0.237650;,
  0.046916;0.023026;-0.240642;,
  0.133831;-0.002752;-0.182274;,
  0.136920;0.050756;-0.161591;,
  0.161319;0.024229;-0.112774;,
  0.158104;-0.008997;-0.128041;,
  0.181133;0.010335;-0.081523;,
  0.181892;-0.015583;-0.084372;,
  0.136920;0.050756;-0.161591;,
  0.192288;0.059489;-0.190831;,
  0.211112;0.023791;-0.140958;,
  0.161319;0.024229;-0.112774;,
  0.217070;0.006723;-0.097287;,
  0.181133;0.010335;-0.081523;,
  0.189173;0.006301;-0.211482;,
  0.208207;-0.001628;-0.152769;,
  0.216324;-0.011526;-0.099281;,
  0.205303;-0.004080;0.044803;,
  0.200663;0.012227;0.030788;,
  0.241512;0.016122;0.005592;,
  0.245571;0.000020;0.019570;,
  0.185890;0.022980;-0.009537;,
  0.195482;0.019965;-0.004566;,
  0.191553;0.011494;0.001254;,
  0.178573;0.018027;-0.001919;,
  0.226582;0.017124;-0.063098;,
  0.237355;0.004404;-0.029661;,
  0.185488;-0.003515;-0.023976;,
  0.178375;0.017272;-0.050923;,
  0.227383;-0.020553;-0.066455;,
  0.239426;-0.014298;-0.023022;,
  0.176762;-0.021343;-0.054667;,
  0.189420;-0.022193;-0.018303;,
  0.017656;0.067879;-0.275809;,
  0.022735;0.038477;-0.274057;,
  -0.019486;0.069057;-0.276858;,
  -0.014826;0.045183;-0.270412;,
  0.007903;0.139107;-0.200709;,
  -0.050318;0.050505;-0.281398;,
  0.018253;0.020403;-0.251960;,
  -0.008727;0.028504;-0.250134;,
  0.005386;0.031167;-0.233902;,
  0.021606;0.033581;-0.220377;,
  0.005910;0.124631;-0.250239;,
  -0.038308;0.134019;-0.228052;,
  0.008580;0.120303;-0.254998;,
  -0.090775;0.121691;-0.206289;,
  -0.097011;0.089706;-0.256737;,
  -0.023163;0.107739;-0.279953;,
  0.008580;0.120303;-0.254998;,
  0.013247;0.069829;-0.220129;,
  0.015306;0.111293;-0.243413;,
  0.033298;0.073273;-0.200971;,
  0.020129;0.109674;-0.198897;,
  0.024824;0.075355;-0.194393;,
  0.019330;0.045047;-0.226342;,
  0.019563;0.126003;-0.202864;,
  0.178375;0.017272;-0.050923;,
  -0.073381;0.089418;-0.290335;,
  -0.057258;0.074721;-0.295305;,
  -0.097259;0.067298;-0.279623;,
  -0.100270;0.087379;-0.288115;,
  0.189420;-0.022193;-0.018303;,
  0.205303;-0.004080;0.044803;,
  0.245571;0.000020;0.019570;,
  0.179428;0.019492;-0.028092;,
  0.168848;0.003189;-0.010967;,
  0.179428;0.019492;-0.028092;,
  0.192945;0.010626;-0.020643;,
  0.185779;-0.011246;-0.011925;,
  0.185779;-0.011246;-0.011925;,
  0.185890;0.022980;-0.009537;,
  0.178573;0.018027;-0.001919;,
  0.191553;0.011494;0.001254;,
  0.332471;0.037128;0.425552;,
  0.333795;-0.010115;0.438952;,
  0.343623;-0.010967;0.456330;,
  0.346117;0.039467;0.444506;,
  0.222214;0.090965;0.427810;,
  0.225841;0.108484;0.458194;,
  0.252791;0.067852;0.460651;,
  0.247689;0.059792;0.437410;,
  0.232737;0.082299;0.383336;,
  0.251134;0.089312;0.369135;,
  0.252452;0.114873;0.412028;,
  0.283905;0.097194;0.446653;,
  0.251686;0.129225;0.447380;,
  0.278337;0.088581;0.413135;,
  0.266373;0.041597;0.389136;,
  0.272370;0.074130;0.380683;,
  0.311234;-0.023902;0.466992;,
  0.307587;-0.017931;0.450191;,
  0.346117;0.039467;0.444506;,
  0.311234;-0.023902;0.466992;,
  0.087026;0.007329;0.141296;,
  0.148083;0.012190;0.218239;,
  0.165472;0.027098;0.285959;,
  0.198484;0.042325;0.333008;,
  0.246481;0.054621;0.400557;,
  0.246481;0.054621;0.400557;,
  0.008009;0.048091;0.067589;,
  -0.044267;0.068255;-0.310718;,
  -0.040493;0.047352;-0.307660;,
  -0.047416;0.044008;-0.299478;,
  -0.057842;0.056589;-0.296714;,
  -0.066836;0.083912;-0.325670;,
  -0.086161;0.096984;-0.331851;,
  -0.087805;0.043428;-0.442680;,
  -0.105033;0.032919;-0.443762;,
  -0.088280;0.010057;-0.434389;,
  -0.038009;0.011866;-0.384606;,
  -0.051001;0.016576;-0.410908;,
  -0.048332;-0.002801;-0.381278;,
  -0.047357;0.074040;-0.338358;,
  -0.037906;0.047476;-0.328868;,
  -0.052483;0.074813;-0.320636;,
  -0.062492;0.088932;-0.371114;,
  -0.052309;0.070165;-0.383204;,
  -0.057111;0.064446;-0.419659;,
  -0.049891;0.037494;-0.418397;,
  -0.040965;0.045512;-0.380751;,
  -0.095191;0.112444;-0.376997;,
  -0.073904;0.101148;-0.372818;,
  -0.133603;0.100945;-0.370068;,
  -0.136156;0.089398;-0.417920;,
  -0.103219;0.098352;-0.422705;,
  -0.036628;0.046894;-0.358507;,
  -0.035292;0.019546;-0.353251;,
  -0.036459;0.030893;-0.319154;,
  -0.037446;0.013489;-0.293676;,
  -0.047946;-0.004833;-0.287797;,
  -0.058618;0.012968;-0.283773;,
  -0.063177;0.021388;-0.428254;,
  -0.069703;0.054409;-0.435964;,
  -0.080229;0.090533;-0.424535;,
  -0.090235;0.075674;-0.440058;,
  -0.124852;0.064502;-0.440843;,
  -0.108933;0.071780;-0.441856;,
  -0.119839;0.091499;-0.333523;,
  -0.080229;0.090533;-0.424535;,
  -0.090235;0.075674;-0.440058;,
  -0.042385;0.076823;-0.342148;,
  -0.048514;0.097412;-0.368932;,
  -0.052157;0.087583;-0.387470;,
  -0.051677;0.079690;-0.368486;,
  -0.048514;0.097412;-0.368932;,
  -0.042385;0.076823;-0.342148;,
  -0.052157;0.087583;-0.387470;,
  -0.052309;0.070165;-0.383204;,
  -0.043545;0.065018;-0.360181;,
  -0.047357;0.074040;-0.338358;,
  -0.039941;0.019149;-0.375013;,
  -0.043545;0.065018;-0.360181;,
  -0.050318;0.050505;-0.281398;,
  -0.057258;0.074721;-0.295305;,
  -0.014826;0.045183;-0.270412;,
  -0.066836;0.083912;-0.325670;,
  -0.070476;0.013262;-0.248107;,
  -0.062221;0.010269;-0.224921;,
  -0.006290;0.002394;-0.049739;,
  -0.003075;0.125691;0.033530;,
  0.002844;0.116305;0.065988;,
  0.014240;0.102690;0.089773;,
  -0.072884;0.024526;-0.289679;,
  0.008009;0.048091;0.067589;,
  -0.108933;0.071780;-0.441856;,
  -0.124852;0.064502;-0.440843;,
  -0.040502;0.009149;-0.325229;,
  -0.047670;-0.000876;-0.346906;,
  -0.045435;-0.000931;-0.337514;,
  -0.079936;-0.000251;-0.426383;,
  -0.068668;-0.011187;-0.406363;,
  -0.053105;0.003940;-0.371214;,
  -0.046730;0.118197;-0.078440;,
  -0.014826;0.045183;-0.270412;,
  0.343623;-0.010967;0.456330;,
  -0.039786;0.009059;-0.318656;,
  -0.042065;-0.000910;-0.316064;,
  -0.045083;0.002020;-0.320357;,
  -0.049996;-0.019933;-0.344223;,
  -0.053177;-0.011988;-0.334871;,
  -0.043567;-0.002193;-0.324673;,
  -0.054526;-0.004662;-0.318685;,
  -0.050099;-0.009563;-0.312688;,
  -0.058655;-0.017467;-0.377950;,
  -0.058786;-0.014152;-0.368336;,
  0.015306;0.111293;-0.243413;,
  -0.051070;-0.011458;-0.323174;,
  0.005710;0.086142;-0.223548;,
  0.013247;0.069829;-0.220129;,
  0.019330;0.045047;-0.226342;,
  -0.073904;0.101148;-0.372818;,
  0.199782;0.009554;0.252501;,
  0.122460;-0.010191;0.270643;,
  0.156562;0.001456;0.339459;,
  0.229465;0.023601;0.318927;,
  0.177942;-0.022100;0.198948;,
  0.112513;-0.023952;0.214357;,
  0.131334;-0.007832;0.114382;,
  0.066082;-0.015758;0.132714;,
  0.076106;0.003534;0.031920;,
  0.030884;-0.013002;0.051738;,
  0.041155;0.009732;-0.002195;,
  0.181492;0.005679;0.407408;,
  0.266373;0.041597;0.389136;,
  0.179583;0.100845;0.330316;,
  0.212038;0.109438;0.391390;,
  0.121879;0.065122;0.423956;,
  0.096748;0.074889;0.357713;,
  0.073151;0.077397;0.295122;,
  0.147973;0.091367;0.267802;,
  0.050877;0.085462;0.240984;,
  0.131216;0.081861;0.226130;,
  0.080964;0.096466;0.157228;,
  0.029854;0.102141;0.159945;,
  0.009903;0.112188;0.092496;,
  0.005710;0.086142;-0.223548;,
  -0.133815;0.000385;-0.221772;,
  -0.137508;-0.003707;-0.198859;,
  -0.096532;0.008701;-0.219818;,
  -0.104710;0.022151;-0.250560;,
  -0.135732;-0.002589;-0.178771;,
  -0.135707;0.009756;-0.145231;,
  -0.092533;-0.008871;-0.154244;,
  -0.089933;-0.005986;-0.187269;,
  -0.122141;0.055183;-0.269602;,
  -0.142689;0.081150;-0.247455;,
  -0.168956;0.066135;-0.236346;,
  -0.152252;0.040081;-0.246997;,
  -0.092555;0.087790;-0.013300;,
  -0.089160;0.082089;-0.022940;,
  -0.057877;0.107084;-0.022304;,
  -0.052007;0.113686;-0.010531;,
  -0.079557;0.028540;-0.036030;,
  -0.089248;0.045252;-0.006288;,
  -0.049131;0.001210;-0.043066;,
  -0.068690;0.012389;0.008494;,
  -0.039637;0.003921;0.010856;,
  -0.015859;0.111683;-0.028253;,
  -0.009889;0.115636;-0.013129;,
  -0.114548;0.110392;-0.110826;,
  -0.133612;0.112253;-0.152858;,
  -0.082387;0.132961;-0.167610;,
  -0.068605;0.129524;-0.126616;,
  -0.036787;-0.001167;0.056482;,
  -0.079816;0.022496;0.067559;,
  -0.067534;0.002472;0.165747;,
  -0.022750;-0.009406;0.155316;,
  -0.048832;0.012225;0.257281;,
  -0.005982;-0.017848;0.250552;,
  0.002555;0.038812;0.053395;,
  0.011852;0.031993;0.152823;,
  -0.021468;0.099452;0.163335;,
  -0.004588;0.099332;0.088528;,
  0.004561;0.030468;0.250864;,
  -0.014289;0.068144;0.249920;,
  -0.091552;0.062195;0.172930;,
  -0.087939;0.078119;0.093186;,
  -0.051866;0.052488;0.252623;,
  -0.046900;0.082627;0.519582;,
  -0.057121;0.125686;0.509285;,
  -0.024570;0.137990;0.511313;,
  -0.003872;0.095350;0.523007;,
  -0.012120;0.012868;0.307986;,
  -0.052130;0.027437;0.309411;,
  -0.045335;0.043998;0.381948;,
  -0.007394;0.028562;0.380252;,
  -0.034032;0.064843;0.456671;,
  -0.005303;0.045916;0.459442;,
  0.017720;0.053196;0.317350;,
  0.010063;0.062932;0.375503;,
  -0.004444;0.100588;0.361159;,
  -0.005574;0.098792;0.295324;,
  0.000489;0.076221;0.464344;,
  -0.012390;0.096259;0.440484;,
  -0.061204;0.077249;0.370621;,
  -0.072267;0.070902;0.297174;,
  -0.034498;0.086316;0.437275;,
  -0.090558;0.044472;0.023620;,
  0.002555;0.038812;0.053395;,
  -0.044915;0.123433;0.037712;,
  -0.093475;0.096600;0.039672;,
  -0.044519;0.113645;0.077329;,
  -0.086271;0.084287;0.083065;,
  -0.089903;0.103129;-0.066104;,
  -0.138032;0.084319;-0.101861;,
  -0.145385;0.064962;-0.104919;,
  -0.113285;0.070304;-0.061862;,
  -0.095057;0.025040;-0.074705;,
  -0.126023;0.016504;-0.115601;,
  -0.065878;0.003470;-0.082313;,
  -0.084463;-0.007028;-0.127453;,
  -0.154948;-0.008414;-0.175253;,
  -0.176584;-0.019800;-0.130900;,
  -0.146289;0.044620;-0.178091;,
  -0.211461;-0.016789;-0.093543;,
  -0.204608;0.030815;-0.087676;,
  -0.166213;0.038252;-0.120301;,
  -0.205110;0.057896;-0.186792;,
  -0.166213;0.038252;-0.120301;,
  -0.227197;0.053045;-0.140979;,
  -0.204608;0.030815;-0.087676;,
  -0.234529;0.037284;-0.073201;,
  -0.213301;0.051558;-0.191392;,
  -0.237563;-0.005068;-0.151900;,
  -0.215953;0.006905;-0.195059;,
  -0.241254;-0.010216;-0.078754;,
  -0.182754;-0.009107;-0.186322;,
  -0.201270;-0.019514;-0.116553;,
  -0.141731;-0.014608;-0.115841;,
  -0.132959;0.020945;-0.113313;,
  -0.191481;0.036978;-0.112916;,
  -0.091885;-0.012734;-0.111367;,
  -0.093953;0.011751;-0.111128;,
  -0.191481;0.036978;-0.112916;,
  -0.132959;0.020945;-0.113313;,
  -0.138070;0.010217;-0.057342;,
  -0.198218;0.034694;-0.050754;,
  -0.093953;0.011751;-0.111128;,
  -0.092725;0.006719;-0.072595;,
  -0.145079;-0.016981;-0.059633;,
  -0.207905;-0.021459;-0.054605;,
  -0.092047;-0.014005;-0.073788;,
  0.028645;0.004596;-0.147384;,
  0.022161;0.015433;-0.101388;,
  0.003468;0.026460;-0.101071;,
  0.009618;0.015633;-0.147585;,
  -0.027490;0.017706;-0.145613;,
  -0.023499;0.010764;-0.154098;,
  -0.014502;0.007545;-0.142700;,
  -0.018620;0.016968;-0.138788;,
  -0.057281;0.024473;-0.085400;,
  -0.067457;0.012078;-0.132463;,
  -0.038673;-0.007411;-0.133173;,
  -0.021669;0.013425;-0.087764;,
  -0.013446;-0.004436;-0.084377;,
  -0.057185;-0.011635;-0.074102;,
  -0.068695;-0.025524;-0.122854;,
  -0.030503;-0.024743;-0.127756;,
  -0.180196;0.035798;-0.240932;,
  -0.176520;0.006138;-0.240082;,
  -0.142803;0.019115;-0.243091;,
  -0.152252;0.040081;-0.246997;,
  -0.163151;0.085046;-0.145875;,
  -0.121406;0.028921;-0.260543;,
  -0.161324;-0.010182;-0.222299;,
  -0.154161;0.001995;-0.195274;,
  -0.137508;-0.003707;-0.198859;,
  -0.133815;0.000385;-0.221772;,
  -0.181186;0.070934;-0.192721;,
  -0.183706;0.065709;-0.196136;,
  -0.143868;0.101319;-0.194271;,
  -0.090775;0.121691;-0.206289;,
  -0.097011;0.089706;-0.256737;,
  -0.168956;0.066135;-0.236346;,
  -0.183706;0.065709;-0.196136;,
  -0.145782;0.024869;-0.174801;,
  -0.146289;0.044620;-0.178091;,
  -0.178622;0.058741;-0.187427;,
  -0.137503;0.024052;-0.142357;,
  -0.154825;0.054381;-0.142813;,
  -0.135732;-0.002589;-0.178771;,
  -0.165149;0.067626;-0.143652;,
  -0.067457;0.012078;-0.132463;,
  -0.121181;0.049059;-0.290600;,
  -0.120671;0.070433;-0.286854;,
  -0.100270;0.087379;-0.288115;,
  -0.097259;0.067298;-0.279623;,
  -0.030503;-0.024743;-0.127756;,
  0.028645;0.004596;-0.147384;,
  0.022161;0.015433;-0.101388;,
  -0.034777;-0.005629;-0.154915;,
  -0.046693;0.013513;-0.142165;,
  -0.046693;0.013513;-0.142165;,
  -0.033458;0.007987;-0.131624;,
  -0.027177;-0.015333;-0.136367;,
  -0.027177;-0.015333;-0.136367;,
  -0.023499;0.010764;-0.154098;,
  -0.027490;0.017706;-0.145613;,
  -0.014502;0.007545;-0.142700;,
  -0.024918;0.005696;0.516362;,
  -0.030753;0.001505;0.538706;,
  0.014909;-0.020470;0.549736;,
  0.016358;-0.017131;0.530088;,
  -0.013034;0.122805;0.481655;,
  0.001659;0.088469;0.499487;,
  -0.003872;0.095350;0.523007;,
  -0.024570;0.137990;0.511313;,
  -0.012390;0.096259;0.440484;,
  -0.051338;0.107331;0.476331;,
  -0.034498;0.086316;0.437275;,
  -0.046900;0.082627;0.519582;,
  -0.042376;0.072913;0.486208;,
  -0.057121;0.125686;0.509285;,
  -0.005303;0.045916;0.459442;,
  -0.034032;0.064843;0.456671;,
  0.038300;0.002575;0.532225;,
  0.044242;0.001199;0.549371;,
  0.044242;0.001199;0.549371;,
  -0.030753;0.001505;0.538706;,
  0.011852;0.031993;0.152823;,
  0.004561;0.030468;0.250864;,
  0.017720;0.053196;0.317350;,
  0.010063;0.062932;0.375503;,
  0.000489;0.076221;0.464344;,
  0.000489;0.076221;0.464344;,
  -0.120527;0.018923;-0.294745;,
  -0.107358;0.036711;-0.293070;,
  -0.094698;0.013422;-0.289575;,
  -0.102545;0.007211;-0.294663;,
  -0.130364;0.042816;-0.312364;,
  -0.136595;0.064358;-0.321287;,
  -0.120355;0.022372;-0.435862;,
  -0.105033;0.032919;-0.443762;,
  -0.094104;-0.024421;-0.372857;,
  -0.076379;-0.020944;-0.375403;,
  -0.101029;-0.015787;-0.400429;,
  -0.109681;0.001045;-0.313835;,
  -0.132427;0.019010;-0.320540;,
  -0.126150;0.027159;-0.305207;,
  -0.149421;0.032699;-0.352907;,
  -0.140025;0.013423;-0.364832;,
  -0.121681;-0.006702;-0.363845;,
  -0.122090;-0.009210;-0.403275;,
  -0.143641;0.008470;-0.401535;,
  -0.156520;0.047704;-0.355515;,
  -0.159885;0.070594;-0.363447;,
  -0.133603;0.100945;-0.370068;,
  -0.157559;0.063199;-0.411324;,
  -0.136156;0.089398;-0.417920;,
  -0.118127;-0.005826;-0.341437;,
  -0.092760;-0.005527;-0.307362;,
  -0.092917;-0.017731;-0.341181;,
  -0.069700;-0.007375;-0.286921;,
  -0.105779;-0.006170;-0.419331;,
  -0.134803;0.012297;-0.422329;,
  -0.147240;0.038799;-0.428119;,
  -0.159618;0.039177;-0.407907;,
  -0.137435;0.053343;-0.435887;,
  -0.124852;0.064502;-0.440843;,
  -0.119839;0.091499;-0.333523;,
  -0.159618;0.039177;-0.407907;,
  -0.147240;0.038799;-0.428119;,
  -0.137803;0.015098;-0.322164;,
  -0.144467;0.019665;-0.349052;,
  -0.156713;0.019947;-0.365571;,
  -0.161438;0.024363;-0.345281;,
  -0.137803;0.015098;-0.322164;,
  -0.161438;0.024363;-0.345281;,
  -0.156713;0.019947;-0.365571;,
  -0.140025;0.013423;-0.364832;,
  -0.132098;0.007734;-0.341633;,
  -0.132427;0.019010;-0.320540;,
  -0.097089;-0.017820;-0.363044;,
  -0.132098;0.007734;-0.341633;,
  -0.121181;0.049059;-0.290600;,
  -0.121406;0.028921;-0.260543;,
  -0.142803;0.019115;-0.243091;,
  -0.130364;0.042816;-0.312364;,
  -0.003075;0.125691;0.033530;,
  0.002844;0.116305;0.065988;,
  0.014240;0.102690;0.089773;,
  0.008009;0.048091;0.067589;,
  -0.137435;0.053343;-0.435887;,
  -0.124852;0.064502;-0.440843;,
  -0.073776;-0.012375;-0.318260;,
  -0.066562;-0.014598;-0.333089;,
  -0.068480;-0.014338;-0.342548;,
  -0.077706;-0.011974;-0.366062;,
  -0.046730;0.118197;-0.078440;,
  -0.142803;0.019115;-0.243091;,
  0.014909;-0.020470;0.549736;,
  -0.061675;-0.013596;-0.311956;,
  -0.072076;-0.011829;-0.311893;,
  -0.064388;-0.010468;-0.316313;,
  -0.062455;-0.014411;-0.320717;,
  -0.178622;0.058741;-0.187427;,
  -0.148634;0.042418;-0.179615;,
  -0.145782;0.024869;-0.174801;,
  -0.135732;-0.002589;-0.178771;,
  -0.156520;0.047704;-0.355515;,
  0.034154;0.002022;0.291395;,
  0.036836;0.009960;0.368161;,
  0.091161;-0.000820;0.354784;,
  0.072507;-0.004355;0.279615;,
  0.024825;-0.007899;0.235480;,
  0.057384;-0.011505;0.224957;,
  0.018705;0.000566;0.141644;,
  0.036261;-0.007207;0.137114;,
  0.008321;0.001145;0.052978;,
  0.016311;-0.008329;0.053729;,
  0.002524;-0.006260;0.009429;,
  -0.039637;0.003921;0.010856;,
  0.046189;0.014665;0.439677;,
  0.107851;-0.001603;0.418822;,
  0.005554;0.127392;0.438850;,
  -0.034485;0.086323;0.437273;,
  -0.061204;0.077249;0.370621;,
  -0.003556;0.115435;0.365982;,
  -0.072267;0.070902;0.297174;,
  -0.018443;0.109962;0.298536;,
  -0.020508;0.102293;0.249156;,
  -0.051866;0.052488;0.252623;,
  -0.091552;0.062195;0.172930;,
  -0.026503;0.116070;0.165563;,
  0.002844;0.116305;0.065988;,
  -0.044519;0.113645;0.077329;,
  -0.148634;0.042418;-0.179615;,
  -0.036787;-0.001167;0.056481;,
  -0.022750;-0.009406;0.155316;,
  -0.005982;-0.017848;0.250552;,
  -0.012120;0.012868;0.307986;,
  -0.007394;0.028562;0.380252;,
  -0.005303;0.045916;0.459442;,
  0.154503;0.090276;0.117305;,
  0.047513;0.117356;0.065984;,
  0.100448;0.098477;0.058503;,
  0.176875;0.061748;0.198732;,
  0.206386;0.090527;0.230093;,
  0.236952;0.093356;0.298026;,
  0.251134;0.089312;0.369135;,
  -0.087939;0.078119;0.093186;;
  916;
  3;0,2,1;,
  3;2,0,3;,
  3;4,6,5;,
  3;6,4,7;,
  3;8,10,9;,
  3;10,8,11;,
  3;12,14,13;,
  3;14,12,15;,
  3;16,12,17;,
  3;12,16,15;,
  3;18,20,19;,
  3;20,18,16;,
  3;5,22,21;,
  3;22,5,6;,
  3;13,24,23;,
  3;24,13,14;,
  3;25,27,26;,
  3;27,25,28;,
  3;29,31,30;,
  3;31,29,32;,
  3;31,33,30;,
  3;33,31,34;,
  3;35,37,36;,
  3;37,35,38;,
  3;38,39,37;,
  3;39,38,40;,
  3;36,42,41;,
  3;42,36,37;,
  3;37,43,42;,
  3;43,37,39;,
  3;41,31,32;,
  3;31,41,42;,
  3;42,34,31;,
  3;34,42,43;,
  3;44,46,45;,
  3;46,44,47;,
  3;48,50,49;,
  3;50,48,51;,
  3;49,53,52;,
  3;53,49,50;,
  3;54,56,55;,
  3;56,54,57;,
  3;57,58,56;,
  3;58,57,59;,
  3;55,61,60;,
  3;61,55,56;,
  3;56,62,61;,
  3;62,56,58;,
  3;60,50,51;,
  3;50,60,61;,
  3;61,53,50;,
  3;53,61,62;,
  3;32,20,63;,
  3;20,32,29;,
  3;64,66,65;,
  3;66,64,19;,
  3;13,67,12;,
  3;67,13,68;,
  3;68,69,67;,
  3;69,68,70;,
  3;70,41,69;,
  3;41,70,36;,
  3;48,34,51;,
  3;34,48,33;,
  3;51,43,60;,
  3;43,51,34;,
  3;43,55,60;,
  3;55,43,39;,
  3;39,54,55;,
  3;54,39,40;,
  3;12,63,17;,
  3;63,12,67;,
  3;67,32,63;,
  3;32,67,69;,
  3;69,41,32;,
  3;71,72,25;,
  3;73,75,74;,
  3;75,73,76;,
  3;75,77,74;,
  3;77,75,78;,
  3;79,78,80;,
  3;78,79,77;,
  3;81,83,82;,
  3;83,85,84;,
  3;85,83,86;,
  3;87,89,88;,
  3;89,90,88;,
  3;90,89,91;,
  3;92,94,93;,
  3;92,88,94;,
  3;92,87,88;,
  3;88,95,94;,
  3;95,88,90;,
  3;96,94,83;,
  3;94,86,83;,
  3;86,94,95;,
  3;97,99,98;,
  3;99,97,100;,
  3;100,101,99;,
  3;101,100,102;,
  3;103,105,104;,
  3;105,103,106;,
  3;106,107,105;,
  3;107,106,108;,
  3;104,110,109;,
  3;110,104,105;,
  3;105,111,110;,
  3;111,105,107;,
  3;109,100,97;,
  3;100,109,110;,
  3;110,102,100;,
  3;102,110,111;,
  3;112,114,113;,
  3;114,112,115;,
  3;116,118,117;,
  3;118,116,119;,
  3;120,122,121;,
  3;122,120,123;,
  3;120,125,124;,
  3;125,120,121;,
  3;126,125,127;,
  3;125,126,124;,
  3;95,97,86;,
  3;97,95,109;,
  3;86,98,85;,
  3;98,86,97;,
  3;90,103,104;,
  3;103,90,91;,
  3;104,95,90;,
  3;95,104,109;,
  3;128,96,129;,
  3;96,128,93;,
  3;129,130,128;,
  3;130,129,131;,
  3;72,28,25;,
  3;28,72,132;,
  3;9,133,8;,
  3;134,136,135;,
  3;136,134,137;,
  3;81,137,134;,
  3;138,11,139;,
  3;138,10,11;,
  3;138,140,10;,
  3;141,11,142;,
  3;11,141,139;,
  3;128,130,143;,
  3;93,144,92;,
  3;93,143,144;,
  3;93,128,143;,
  3;145,87,146;,
  3;87,145,147;,
  3;74,148,73;,
  3;148,74,149;,
  3;150,147,145;,
  3;7,149,74;,
  3;148,151,73;,
  3;102,152,101;,
  3;152,102,126;,
  3;102,124,126;,
  3;124,102,111;,
  3;111,120,124;,
  3;120,111,107;,
  3;120,108,123;,
  3;108,120,107;,
  3;8,154,153;,
  3;154,8,133;,
  3;153,155,8;,
  3;155,153,156;,
  3;121,113,114;,
  3;113,121,122;,
  3;122,112,113;,
  3;112,122,157;,
  3;158,125,159;,
  3;125,158,127;,
  3;159,121,114;,
  3;121,159,125;,
  3;126,160,152;,
  3;160,126,161;,
  3;162,122,123;,
  3;122,162,163;,
  3;122,164,157;,
  3;164,122,163;,
  3;165,126,127;,
  3;126,165,161;,
  3;161,166,160;,
  3;166,161,167;,
  3;162,117,163;,
  3;117,162,116;,
  3;163,118,164;,
  3;118,163,117;,
  3;165,167,161;,
  3;167,165,168;,
  3;169,171,170;,
  3;171,169,172;,
  3;173,175,174;,
  3;175,173,176;,
  3;177,179,178;,
  3;179,177,173;,
  3;180,179,181;,
  3;179,180,182;,
  3;183,169,170;,
  3;169,183,184;,
  3;175,186,185;,
  3;186,175,176;,
  3;45,187,44;,
  3;187,45,188;,
  3;180,169,182;,
  3;169,180,172;,
  3;19,29,66;,
  3;20,29,19;,
  3;29,30,189;,
  3;30,190,189;,
  3;190,30,33;,
  3;33,191,190;,
  3;191,33,48;,
  3;191,49,192;,
  3;49,191,48;,
  3;192,52,193;,
  3;52,192,49;,
  3;194,170,186;,
  3;170,194,183;,
  3;170,185,186;,
  3;185,170,171;,
  3;186,176,194;,
  3;194,173,177;,
  3;173,194,176;,
  3;179,174,181;,
  3;174,179,173;,
  3;178,182,184;,
  3;182,178,179;,
  3;182,169,184;,
  3;16,17,20;,
  3;17,63,20;,
  3;66,195,65;,
  3;196,198,197;,
  3;198,196,199;,
  3;200,153,154;,
  3;153,200,201;,
  3;202,204,203;,
  3;205,207,206;,
  3;196,209,208;,
  3;209,196,197;,
  3;210,208,211;,
  3;208,210,196;,
  3;212,214,213;,
  3;214,212,215;,
  3;212,213,211;,
  3;201,217,216;,
  3;217,201,200;,
  3;218,220,219;,
  3;220,218,216;,
  3;210,199,196;,
  3;214,205,206;,
  3;221,223,222;,
  3;197,198,224;,
  3;224,226,225;,
  3;226,224,198;,
  3;227,214,206;,
  3;228,229,213;,
  3;229,228,230;,
  3;219,232,231;,
  3;214,228,213;,
  3;156,201,233;,
  3;201,156,153;,
  3;233,216,218;,
  3;216,233,201;,
  3;220,216,234;,
  3;235,220,234;,
  3;236,238,237;,
  3;238,236,239;,
  3;208,240,211;,
  3;240,208,241;,
  3;211,242,212;,
  3;242,211,240;,
  3;243,239,244;,
  3;239,243,238;,
  3;244,236,245;,
  3;236,244,239;,
  3;246,221,222;,
  3;221,246,215;,
  3;221,212,247;,
  3;212,221,215;,
  3;199,248,1;,
  3;248,199,249;,
  3;133,9,250;,
  3;249,210,251;,
  3;210,249,199;,
  3;210,211,251;,
  3;252,2,253;,
  3;2,252,1;,
  3;19,254,18;,
  3;254,19,64;,
  3;23,68,13;,
  3;68,23,255;,
  3;68,256,70;,
  3;256,68,255;,
  3;256,36,70;,
  3;36,256,257;,
  3;258,1,252;,
  3;1,258,199;,
  3;257,259,36;,
  3;36,259,35;,
  3;260,203,261;,
  3;203,260,202;,
  3;262,263,222;,
  3;263,262,264;,
  3;198,258,226;,
  3;258,198,199;,
  3;265,204,227;,
  3;265,206,266;,
  3;206,265,227;,
  3;222,267,246;,
  3;267,222,263;,
  3;89,87,147;,
  3;82,83,84;,
  3;78,16,18;,
  3;16,78,75;,
  3;75,15,16;,
  3;15,75,76;,
  3;15,71,14;,
  3;71,15,76;,
  3;14,268,24;,
  3;268,14,71;,
  3;248,269,1;,
  3;1,269,0;,
  3;135,129,134;,
  3;129,135,131;,
  3;134,96,81;,
  3;96,134,129;,
  3;96,83,81;,
  3;94,96,93;,
  3;29,189,66;,
  3;205,215,246;,
  3;267,205,246;,
  3;205,267,207;,
  3;205,214,215;,
  3;187,188,270;,
  3;224,272,271;,
  3;223,221,209;,
  3;224,223,197;,
  3;271,273,262;,
  3;273,271,272;,
  3;263,275,274;,
  3;273,276,262;,
  3;277,272,278;,
  3;272,277,273;,
  3;223,271,262;,
  3;271,223,224;,
  3;223,209,197;,
  3;208,221,247;,
  3;221,208,209;,
  3;222,223,262;,
  3;266,207,279;,
  3;207,266,206;,
  3;207,280,279;,
  3;280,207,267;,
  3;280,263,274;,
  3;263,280,267;,
  3;264,262,276;,
  3;76,73,72;,
  3;138,281,140;,
  3;73,132,72;,
  3;132,73,151;,
  3;72,71,76;,
  3;272,225,278;,
  3;155,11,8;,
  3;276,277,282;,
  3;277,276,273;,
  3;275,276,282;,
  3;276,275,264;,
  3;28,141,27;,
  3;141,28,139;,
  3;139,132,138;,
  3;132,139,28;,
  3;132,281,138;,
  3;281,132,151;,
  3;281,148,283;,
  3;148,281,151;,
  3;283,149,284;,
  3;149,283,148;,
  3;7,284,149;,
  3;284,7,4;,
  3;6,79,22;,
  3;79,6,77;,
  3;77,7,74;,
  3;7,77,6;,
  3;5,3,4;,
  3;3,5,2;,
  3;285,137,82;,
  3;137,285,136;,
  3;137,81,82;,
  3;92,146,87;,
  3;146,92,144;,
  3;2,21,253;,
  3;21,2,5;,
  3;286,213,229;,
  3;251,211,286;,
  3;213,286,211;,
  3;234,216,217;,
  3;227,202,228;,
  3;202,230,228;,
  3;230,202,260;,
  3;232,220,235;,
  3;228,214,227;,
  3;26,71,25;,
  3;71,26,268;,
  3;155,142,11;,
  3;18,80,78;,
  3;80,18,254;,
  3;272,224,225;,
  3;275,263,264;,
  3;202,227,204;,
  3;232,219,220;,
  3;287,289,288;,
  3;289,287,290;,
  3;291,288,292;,
  3;288,291,287;,
  3;293,292,294;,
  3;292,293,291;,
  3;295,294,296;,
  3;294,295,293;,
  3;296,297,295;,
  3;298,290,299;,
  3;290,298,289;,
  3;300,302,301;,
  3;302,300,303;,
  3;304,300,305;,
  3;300,304,303;,
  3;306,305,307;,
  3;305,306,304;,
  3;308,306,307;,
  3;306,308,309;,
  3;308,310,309;,
  3;145,146,311;,
  3;312,314,313;,
  3;314,312,315;,
  3;316,318,317;,
  3;318,316,319;,
  3;320,322,321;,
  3;322,320,323;,
  3;324,326,325;,
  3;326,324,327;,
  3;328,324,325;,
  3;324,328,329;,
  3;330,331,328;,
  3;331,330,332;,
  3;319,22,318;,
  3;22,319,21;,
  3;327,333,326;,
  3;333,327,334;,
  3;335,337,336;,
  3;337,335,338;,
  3;339,341,340;,
  3;341,339,342;,
  3;341,344,343;,
  3;344,341,342;,
  3;345,347,346;,
  3;347,345,348;,
  3;346,350,349;,
  3;350,346,347;,
  3;348,351,347;,
  3;351,348,352;,
  3;347,353,350;,
  3;353,347,351;,
  3;352,341,351;,
