xof 0303txt 0032
template XSkinMeshHeader {
 <3cf169ce-ff7c-44ab-93c0-f78f62d172e2>
 WORD nMaxSkinWeightsPerVertex;
 WORD nMaxSkinWeightsPerFace;
 WORD nBones;
}

template VertexDuplicationIndices {
 <b8d65549-d7c9-4995-89cf-53a9a8b031e3>
 DWORD nIndices;
 DWORD nOriginalVertices;
 array DWORD indices[nIndices];
}

template SkinWeights {
 <6f0d123b-bad2-4167-a0d0-80224f25fabb>
 STRING transformNodeName;
 DWORD nWeights;
 array DWORD vertexIndices[nWeights];
 array FLOAT weights[nWeights];
 Matrix4x4 matrixOffset;
}

template AnimTicksPerSecond {
 <9e415a43-7ba6-4a73-8743-b73d47e88476>
 DWORD AnimTicksPerSecond;
}

template VertexElement {
 <f752461c-1e23-48f6-b9f8-8350850f336f>
 DWORD Type;
 DWORD Method;
 DWORD Usage;
 DWORD UsageIndex;
}

template DeclData {
 <bf22e553-292c-4781-9fea-62bd554bdd93>
 DWORD nElements;
 array VertexElement Elements[nElements];
 DWORD nDWords;
 array DWORD data[nDWords];
}


AnimTicksPerSecond {
 4800;
}

Frame Dummy01 {
 

 FrameTransformMatrix {
  1.000000,0.000000,0.000000,0.000000,0.000000,-0.000000,-1.000000,0.000000,0.000000,1.000000,-0.000000,0.000000,-0.000000,0.000000,0.000000,1.000000;;
 }

 Frame Bip01 {
  

  FrameTransformMatrix {
   0.000001,1.000000,0.000000,0.000000,0.000000,-0.000000,1.000000,0.000000,1.000000,-0.000001,-0.000000,0.000000,0.000000,0.025127,0.481744,1.000000;;
  }

  Frame Bip01_Pelvis {
   

   FrameTransformMatrix {
    -0.224021,0.972920,0.056935,0.000000,-0.018948,-0.062757,0.997849,0.000000,0.974400,0.222460,0.032493,0.000000,0.000000,0.000000,0.000000,1.000000;;
   }

   Frame Bip01_Spine {
    

    FrameTransformMatrix {
     0.991576,-0.011956,0.128972,0.000000,0.011671,0.999928,0.002964,0.000000,-0.128998,-0.001434,0.991644,0.000000,0.050246,-0.003240,0.011402,1.000000;;
    }

    Frame Bip01_Spine1 {
     

     FrameTransformMatrix {
      0.975814,0.054647,0.211662,0.000000,-0.036270,0.995304,-0.089751,0.000000,-0.215573,0.079903,0.973213,0.000000,0.106498,-0.000007,-0.000083,1.000000;;
     }

     Frame Bip01_Neck {
      

      FrameTransformMatrix {
       0.948413,0.000001,0.317038,0.000000,-0.000001,1.000000,-0.000000,0.000000,-0.317038,-0.000000,0.948413,0.000000,0.130513,0.000000,0.004627,1.000000;;
      }

      Frame Bip01_Head {
       

       FrameTransformMatrix {
        0.861965,0.092890,0.498386,0.000000,-0.059735,0.994832,-0.082106,0.000000,-0.503437,0.041001,0.863059,0.000000,0.033674,0.000000,0.000000,1.000000;;
       }

       Frame Bip01_HeadNub {
        

        FrameTransformMatrix {
         1.000000,-0.000000,-0.000000,0.000000,-0.000000,1.000000,0.000000,0.000000,-0.000000,0.000000,1.000000,0.000000,0.169824,0.000000,0.000000,1.000000;;
        }
       }
      }

      Frame Bip01_L_Clavicle {
       

       FrameTransformMatrix {
        -0.141553,0.975389,-0.169056,0.000000,0.939816,0.078765,-0.332479,0.000000,-0.310981,-0.205945,-0.927835,0.000000,-0.024260,0.015715,0.003231,1.000000;;
       }

       Frame Bip01_L_UpperArm {
        

        FrameTransformMatrix {
         0.986396,0.119021,-0.113393,0.000000,-0.153807,0.911679,-0.381031,0.000000,0.058027,0.393288,0.917583,0.000000,0.087086,0.000000,0.000000,1.000000;;
        }

        Frame Bip01_L_Forearm {
         

         FrameTransformMatrix {
          0.895581,0.000000,-0.444898,0.000000,0.000000,1.000000,0.000000,0.000000,0.444898,-0.000000,0.895581,0.000000,0.137062,0.000000,0.000000,1.000000;;
         }

         Frame Bip01_L_Hand {
          

          FrameTransformMatrix {
           0.745915,-0.632252,-0.209447,0.000000,0.116639,-0.185606,0.975677,0.000000,-0.655748,-0.752202,-0.064701,0.000000,0.137062,0.000000,0.000000,1.000000;;
          }

          Frame Bip01_L_Finger0 {
           

           FrameTransformMatrix {
            0.802194,-0.378580,0.461695,0.000000,0.558537,0.749101,-0.356210,0.000000,-0.211002,0.543623,0.812375,0.000000,0.057681,-0.023605,-0.000272,1.000000;;
           }

           Frame Bip01_L_Finger0Nub {
            

            FrameTransformMatrix {
             1.000000,0.000000,-0.000000,0.000000,-0.000000,1.000000,-0.000000,0.000000,0.000000,-0.000000,1.000000,0.000000,0.029435,0.000000,0.000000,1.000000;;
            }
           }
          }

          Frame Bip01_L_Finger1 {
           

           FrameTransformMatrix {
            0.911097,-0.000328,0.412192,0.000000,0.000000,1.000000,0.000796,0.000000,-0.412192,-0.000726,0.911096,0.000000,0.084102,-0.000000,0.000000,1.000000;;
           }

           Frame Bip01_L_Finger1Nub {
            

            FrameTransformMatrix {
             1.000000,-0.000000,-0.000000,0.000000,0.000000,1.000000,0.000000,0.000000,-0.000000,-0.000000,1.000000,0.000000,0.047988,0.000000,0.000000,1.000000;;
            }
           }
          }
         }
        }
       }
      }

      Frame Bip01_R_Clavicle {
       

       FrameTransformMatrix {
        -0.171779,-0.949062,-0.264146,0.000000,-0.937527,0.075144,0.339702,0.000000,-0.302549,0.305997,-0.902679,0.000000,-0.024260,-0.015714,0.003232,1.000000;;
       }

       Frame Bip01_R_UpperArm {
        

        FrameTransformMatrix {
         0.983623,-0.146954,0.104359,0.000000,0.113057,0.953977,0.277754,0.000000,-0.140373,-0.261406,0.954967,0.000000,0.087086,0.000000,-0.000000,1.000000;;
        }

        Frame Bip01_R_Forearm {
         

         FrameTransformMatrix {
          0.867074,0.000000,-0.498180,0.000000,0.000000,1.000000,0.000000,0.000000,0.498180,-0.000000,0.867074,0.000000,0.137062,-0.000000,-0.000000,1.000000;;
         }

         Frame Bip01_R_Hand {
          

          FrameTransformMatrix {
           0.911774,0.360723,-0.196333,0.000000,-0.186156,-0.063123,-0.980490,0.000000,-0.366078,0.930535,0.009597,0.000000,0.137062,0.000000,-0.000000,1.000000;;
          }

          Frame Bip01_R_Finger0 {
           

           FrameTransformMatrix {
            0.658370,0.139137,0.739723,0.000000,-0.558537,0.749101,0.356210,0.000000,-0.504565,-0.647680,0.570899,0.000000,0.057681,0.023605,-0.000272,1.000000;;
           }

           Frame Bip01_R_Finger0Nub {
            

            FrameTransformMatrix {
             -1.000000,-0.000000,-0.000000,0.000000,-0.000000,1.000000,0.000000,0.000000,0.000000,-0.000000,-1.000000,0.000000,0.029435,0.000000,0.000000,1.000000;;
            }
           }
          }

          Frame Bip01_R_Finger1 {
           

           FrameTransformMatrix {
            0.681080,0.000583,0.732208,0.000000,0.000000,1.000000,-0.000796,0.000000,-0.732208,0.000542,0.681080,0.000000,0.084102,0.000000,-0.000000,1.000000;;
           }

           Frame Bip01_R_Finger1Nub {
            

            FrameTransformMatrix {
             -1.000000,-0.000000,-0.000000,0.000000,-0.000000,1.000000,-0.000000,0.000000,0.000000,-0.000000,-1.000000,0.000000,0.047988,0.000000,0.000000,1.000000;;
            }
           }
          }
         }
        }
       }
      }
     }

     Frame Bip01_BackPack {
      

      FrameTransformMatrix {
       0.190105,-0.000003,-0.981764,0.000000,0.000003,1.000000,-0.000002,0.000000,0.981764,-0.000002,0.190105,0.000000,0.063697,-0.000000,-0.088856,1.000000;;
      }

      Frame Bip01_BackPackNub {
       

       FrameTransformMatrix {
        0.000796,0.000003,1.000000,0.000000,0.000000,-1.000000,0.000003,0.000000,1.000000,-0.000000,-0.000796,0.000000,0.053240,0.000000,0.000000,1.000000;;
       }
      }
     }
    }

    Frame Bip01_L_Thigh {
     

     FrameTransformMatrix {
      -0.995359,0.091585,0.029545,0.000000,-0.092001,-0.995674,-0.013041,0.000000,0.028223,-0.015698,0.999479,0.000000,-0.051992,0.057841,-0.004909,1.000000;;
     }

     Frame Bip01_L_Calf {
      

      FrameTransformMatrix {
       0.783114,0.000000,-0.621879,0.000000,0.000000,1.000000,0.000000,0.000000,0.621879,-0.000000,0.783113,0.000000,0.237500,0.000000,-0.000000,1.000000;;
      }

      Frame Bip01_L_Foot {
       

       FrameTransformMatrix {
        0.859858,0.069495,0.505781,0.000000,-0.160033,0.977451,0.137761,0.000000,-0.484803,-0.199396,0.851591,0.000000,0.206841,-0.000000,0.000000,1.000000;;
       }

       Frame Bip01_L_Toe0 {
        

        FrameTransformMatrix {
         -0.000000,1.000000,-0.000000,0.000000,0.000000,-0.000000,-1.000000,0.000000,-1.000000,-0.000000,-0.000000,0.000000,0.065373,-0.000000,0.066450,1.000000;;
        }

        Frame Bip01_L_Toe0Nub {
         

         FrameTransformMatrix {
          -1.000000,-0.000000,0.000000,0.000000,0.000000,1.000000,0.000000,0.000000,-0.000000,0.000000,-1.000000,0.000000,0.006735,0.000000,0.000000,1.000000;;
         }
        }
       }
      }
     }
    }

    Frame Bip01_R_Thigh {
     

     FrameTransformMatrix {
      -0.984457,-0.070079,0.161036,0.000000,0.069132,-0.997542,-0.011487,0.000000,0.161445,-0.000176,0.986882,0.000000,-0.050672,-0.052602,-0.004751,1.000000;;
     }

     Frame Bip01_R_Calf {
      

      FrameTransformMatrix {
       0.713591,0.000000,-0.700563,0.000000,0.000000,1.000000,0.000000,0.000000,0.700563,0.000000,0.713591,0.000000,0.237500,0.000000,-0.000000,1.000000;;
      }

      Frame Bip01_R_Foot {
       

       FrameTransformMatrix {
        0.586365,-0.168629,-0.792301,0.000000,0.661921,0.663556,0.348646,0.000000,0.466944,-0.728874,0.500705,0.000000,0.206841,-0.000000,0.000000,1.000000;;
       }

       Frame Bip01_R_Toe0 {
        

        FrameTransformMatrix {
         -0.000000,-1.000000,0.000000,0.000000,0.000001,0.000000,1.000000,0.000000,-1.000000,0.000000,0.000001,0.000000,0.065373,0.000000,0.066450,1.000000;;
        }

        Frame Bip01_R_Toe0Nub {
         

         FrameTransformMatrix {
          1.000000,0.000000,-0.000000,0.000000,0.000000,1.000000,-0.000000,0.000000,0.000000,0.000000,1.000000,0.000000,0.006735,0.000000,-0.000000,1.000000;;
         }
        }
       }
      }
     }
    }
   }

   Frame Bip01_DressFront {
    

    FrameTransformMatrix {
     -0.999437,-0.000001,0.033545,0.000000,-0.000001,1.000000,-0.000001,0.000000,-0.033545,-0.000001,-0.999437,0.000000,-0.043997,0.001399,0.061087,1.000000;;
    }

    Frame Bip01_DressFront02 {
     

     FrameTransformMatrix {
      0.961697,0.124744,0.244088,0.000000,-0.121658,0.992184,-0.027739,0.000000,-0.245640,-0.003018,0.969356,0.000000,0.183357,0.000000,-0.000128,1.000000;;
     }

     Frame Bip01_DressFrontNub {
      

      FrameTransformMatrix {
       0.000796,0.000003,1.000000,0.000000,0.000000,-1.000000,0.000003,0.000000,1.000000,0.000000,-0.000796,0.000000,0.165302,-0.000000,-0.000000,1.000000;;
      }
     }
    }
   }

   Frame Bip01_DressBack {
    

    FrameTransformMatrix {
     -0.987415,0.053288,-0.148900,0.000000,0.053526,0.998564,0.002415,0.000000,0.148815,-0.005586,-0.988849,0.000000,-0.036641,0.000001,-0.078264,1.000000;;
    }

    Frame Bip01_DressBack02 {
     

     FrameTransformMatrix {
      0.941415,0.000001,0.337250,0.000000,-0.000001,1.000000,-0.000000,0.000000,-0.337250,-0.000000,0.941415,0.000000,0.176195,-0.000000,-0.000102,1.000000;;
     }

     Frame Bip01_DressBackNub {
      

      FrameTransformMatrix {
       0.000796,0.000003,1.000000,0.000000,-0.000000,-1.000000,0.000003,0.000000,1.000000,-0.000000,-0.000796,0.000000,0.136508,0.000000,0.000000,1.000000;;
      }
     }
    }
   }
  }

  Frame Bip01_Prop1 {
   

   FrameTransformMatrix {
    -0.538767,-0.710731,0.452318,0.000000,0.842156,-0.440068,0.311630,0.000000,-0.022435,0.548818,0.835641,0.000000,-0.035111,0.254708,-0.416207,1.000000;;
   }
  }

  Frame Bip01_Prop2 {
   

   FrameTransformMatrix {
    -0.007383,-0.759357,0.650632,0.000000,0.884104,-0.308970,-0.350567,0.000000,0.467232,0.572638,0.673632,0.000000,-0.048477,0.131672,0.409451,1.000000;;
   }
  }
 }
}

Frame Translation_Data {
 

 FrameTransformMatrix {
  -0.000000,0.000000,-1.000000,0.000000,-1.000000,-0.000000,0.000000,0.000000,-0.000000,1.000000,0.000000,0.000000,0.000000,-0.000000,0.000000,1.000000;;
 }
}

Frame Body_Scarecrow {
 

 FrameTransformMatrix {
  1.000000,0.000000,0.000000,0.000000,0.000000,1.000000,0.000000,0.000000,0.000000,0.000000,1.000000,0.000000,0.000000,0.000000,0.000000,1.000000;;
 }

 Mesh Body_Scarecrow {
  1445;
  0.090033;0.739404;-0.039828;,
  0.048085;0.763247;-0.039759;,
  0.051803;0.732342;-0.053257;,
  0.098238;0.718023;-0.041385;,
  0.100902;0.698714;-0.046792;,
  0.057843;0.699413;-0.067324;,
  0.066673;0.667630;-0.068450;,
  0.100756;0.667995;-0.034665;,
  0.047519;0.786418;-0.004029;,
  0.078748;0.765857;0.002637;,
  0.088550;0.760909;0.028571;,
  0.060168;0.767420;0.029463;,
  0.084722;0.515929;0.025243;,
  0.042429;0.508527;0.047127;,
  0.043722;0.523749;0.041919;,
  0.078135;0.528659;0.021494;,
  0.074636;0.541145;-0.033029;,
  0.086033;0.509961;-0.017562;,
  0.047564;0.544653;-0.064447;,
  0.042331;0.489484;-0.063761;,
  0.071005;0.494373;-0.052203;,
  0.017787;0.704898;-0.074453;,
  0.013607;0.670891;-0.080497;,
  0.000257;0.507060;0.045150;,
  0.000780;0.524288;0.040583;,
  0.052779;0.630405;0.053242;,
  0.000861;0.635103;0.054039;,
  0.002438;0.677098;0.059077;,
  0.059493;0.673984;0.059554;,
  0.057035;0.443772;-0.071660;,
  0.064588;0.344480;-0.082589;,
  0.102330;0.339752;-0.054150;,
  0.091229;0.437439;-0.034698;,
  0.066283;0.242007;-0.094363;,
  0.094477;0.246379;-0.051487;,
  0.008509;0.439907;-0.049390;,
  0.006878;0.407806;0.029170;,
  0.022626;0.331820;0.017385;,
  0.016735;0.340511;-0.057855;,
  0.040196;0.252087;-0.015551;,
  0.037871;0.244224;-0.055393;,
  0.084898;0.410881;0.020266;,
  0.102245;0.333413;0.010310;,
  0.080884;0.255054;-0.015574;,
  0.085173;-0.000626;0.069521;,
  0.042000;0.000404;0.056870;,
  0.036787;0.001148;0.105405;,
  0.070875;0.000290;0.112640;,
  0.067695;0.190447;-0.046008;,
  0.066861;0.126389;-0.008767;,
  0.095387;0.138677;0.017990;,
  0.098407;0.203281;-0.019417;,
  0.069650;0.061535;0.031992;,
  0.086847;0.070005;0.060515;,
  0.025829;0.185016;-0.017334;,
  0.025883;0.223726;0.022770;,
  0.032978;0.162805;0.046791;,
  0.036710;0.135615;0.013914;,
  0.052368;0.087046;0.075610;,
  0.050728;0.061474;0.052341;,
  0.097757;0.231521;0.021160;,
  0.095047;0.162224;0.048504;,
  0.076388;0.091663;0.076128;,
  0.090312;0.480350;-0.018876;,
  0.001345;0.487225;-0.077841;,
  -0.001074;0.450546;-0.071925;,
  0.008509;0.439907;-0.049390;,
  0.089976;0.463035;0.032929;,
  0.039197;0.459550;0.055095;,
  0.083636;0.420181;0.023471;,
  0.037330;0.420291;0.043733;,
  0.046991;0.580829;0.042409;,
  0.085210;0.627093;0.037586;,
  0.098040;0.631765;0.021665;,
  0.095093;0.637560;-0.031495;,
  0.074868;0.589616;-0.031064;,
  0.080035;0.581744;0.018710;,
  0.062939;0.639343;-0.068978;,
  0.053071;0.590091;-0.061244;,
  0.008359;0.647300;-0.078573;,
  0.004245;0.589068;-0.068434;,
  0.147327;0.731929;-0.030194;,
  0.129349;0.687067;-0.006534;,
  0.196976;0.737015;-0.021587;,
  0.189939;0.682750;0.002821;,
  0.242208;0.687793;0.013709;,
  0.248095;0.731794;-0.006047;,
  0.132020;0.710690;0.049562;,
  0.181516;0.710428;0.062222;,
  0.189939;0.682750;0.002821;,
  0.236507;0.709967;0.062993;,
  0.242208;0.687793;0.013709;,
  0.131256;0.721510;0.052844;,
  0.139595;0.758911;0.029478;,
  0.188265;0.764848;0.037793;,
  0.242447;0.753845;0.043356;,
  0.143803;0.750898;-0.007305;,
  0.268528;0.728949;-0.015727;,
  0.264630;0.676716;0.007872;,
  0.324199;0.673637;-0.003272;,
  0.324122;0.707202;-0.018130;,
  0.362133;0.673199;-0.006960;,
  0.372338;0.692082;-0.017631;,
  0.264630;0.676716;0.007872;,
  0.272195;0.701393;0.065340;,
  0.332243;0.703461;0.044893;,
  0.324199;0.673637;-0.003272;,
  0.372490;0.691882;0.025872;,
  0.362133;0.673199;-0.006960;,
  0.276037;0.753412;0.041990;,
  0.331835;0.729106;0.033221;,
  0.379322;0.706248;0.016636;,
  0.428972;0.571752;-0.014317;,
  0.408679;0.579504;-0.010857;,
  0.413348;0.602173;0.031368;,
  0.433226;0.594383;0.027453;,
  0.389737;0.604262;-0.029567;,
  0.398833;0.600832;-0.023971;,
  0.406414;0.605534;-0.030411;,
  0.394916;0.606351;-0.039810;,
  0.380373;0.659148;0.030647;,
  0.409391;0.635653;0.029276;,
  0.396407;0.634008;-0.021850;,
  0.365246;0.648011;-0.015388;,
  0.409429;0.679788;0.017954;,
  0.428071;0.638575;0.022903;,
  0.393875;0.669417;-0.030548;,
  0.415436;0.637783;-0.026339;,
  0.107807;0.764254;0.016737;,
  0.121101;0.762585;-0.009989;,
  0.078748;0.765857;0.002637;,
  0.085552;0.761575;-0.019966;,
  0.097723;0.673835;0.045494;,
  0.058906;0.776423;-0.028331;,
  0.119714;0.742995;-0.030266;,
  0.090033;0.739404;-0.039828;,
  0.098238;0.718023;-0.041385;,
  0.119790;0.713582;-0.025110;,
  0.106584;0.718907;0.039878;,
  0.063827;0.715218;0.051784;,
  0.109815;0.722995;0.036299;,
  0.005746;0.715805;0.049642;,
  0.013858;0.767057;0.019407;,
  0.088550;0.760909;0.028571;,
  0.109815;0.722995;0.036299;,
  0.098291;0.695509;-0.014968;,
  0.109634;0.713036;0.029144;,
  0.129349;0.687067;-0.006534;,
  0.102106;0.669332;0.014087;,
  0.097683;0.665425;-0.020481;,
  0.100902;0.698714;-0.046792;,
  0.106412;0.672265;0.030146;,
  0.365246;0.648011;-0.015388;,
  0.049292;0.818922;-0.022554;,
  0.059003;0.805594;-0.036620;,
  0.018555;0.791690;-0.002845;,
  0.023662;0.827544;-0.021017;,
  0.415436;0.637783;-0.026339;,
  0.428972;0.571752;-0.014317;,
  0.433226;0.594383;0.027453;,
  0.377015;0.619084;-0.025481;,
  0.394298;0.625906;-0.043529;,
  0.377015;0.619084;-0.025481;,
  0.393032;0.617598;-0.017858;,
  0.409643;0.632193;-0.028664;,
  0.409643;0.632193;-0.028664;,
  0.389737;0.604262;-0.029567;,
  0.394916;0.606351;-0.039810;,
  0.406414;0.605534;-0.030411;,
  0.108351;0.019332;-0.004482;,
  0.085489;0.016295;-0.047855;,
  0.087820;-0.002452;-0.054367;,
  0.114736;-0.002560;-0.010037;,
  0.036332;0.034417;0.093732;,
  0.036787;0.001148;0.105405;,
  0.042000;0.000404;0.056870;,
  0.041892;0.025330;0.053739;,
  0.052368;0.087046;0.075610;,
  0.076388;0.091663;0.076128;,
  0.077085;0.036438;0.102102;,
  0.085173;-0.000626;0.069521;,
  0.070875;0.000290;0.112640;,
  0.087790;0.034226;0.066845;,
  0.069650;0.061535;0.031992;,
  0.086847;0.070005;0.060515;,
  0.051464;-0.001399;-0.051673;,
  0.056321;0.014128;-0.043516;,
  0.114736;-0.002560;-0.010037;,
  0.051464;-0.001399;-0.051673;,
  0.016735;0.340511;-0.057855;,
  0.037871;0.244224;-0.055393;,
  0.025829;0.185016;-0.017334;,
  0.036710;0.135615;0.013914;,
  0.050728;0.061474;0.052341;,
  0.050728;0.061474;0.052341;,
  -0.003426;0.427146;-0.025549;,
  0.071727;0.794061;-0.052297;,
  0.063348;0.777786;-0.063498;,
  0.053085;0.775970;-0.059324;,
  0.051491;0.794863;-0.049567;,
  0.067619;0.825045;-0.053340;,
  0.061316;0.848007;-0.049392;,
  0.078071;0.873832;-0.168582;,
  0.059974;0.878943;-0.175985;,
  0.058270;0.850178;-0.183783;,
  0.078630;0.794450;-0.145198;,
  0.081201;0.818758;-0.162089;,
  0.062161;0.790541;-0.151998;,
  0.083073;0.813492;-0.069635;,
  0.073835;0.787044;-0.079646;,
  0.072422;0.808127;-0.055541;,
  0.091456;0.848446;-0.084859;,
  0.095118;0.837143;-0.106328;,
  0.103059;0.855334;-0.137803;,
  0.095155;0.834244;-0.154321;,
  0.091070;0.814226;-0.120502;,
  0.079649;0.885790;-0.073785;,
  0.089137;0.863672;-0.078140;,
  0.041368;0.899484;-0.075454;,
  0.052764;0.918630;-0.119422;,
  0.084692;0.905763;-0.117693;,
  0.086303;0.801000;-0.102673;,
  0.072033;0.781320;-0.116326;,
  0.063091;0.771388;-0.082947;,
  0.043800;0.748740;-0.074710;,
  0.024414;0.741480;-0.081919;,
  0.023102;0.756627;-0.067228;,
  0.080905;0.838054;-0.172085;,
  0.094844;0.865582;-0.156583;,
  0.099573;0.887696;-0.124413;,
  0.090734;0.893078;-0.145739;,
  0.058630;0.908522;-0.153133;,
  0.074975;0.903385;-0.149400;,
  0.033048;0.866677;-0.053804;,
  0.099573;0.887696;-0.124413;,
  0.090734;0.893078;-0.145739;,
  0.090337;0.816891;-0.092171;,
  0.058906;0.776423;-0.028331;,
  0.059003;0.805594;-0.036620;,
  0.085552;0.761575;-0.019966;,
  0.067619;0.825045;-0.053340;,
  0.021031;0.753751;-0.060716;,
  0.019252;0.730331;-0.065179;,
  0.004204;0.545853;-0.069290;,
  -0.002881;0.459676;0.053484;,
  -0.004727;0.427111;0.042867;,
  -0.005523;0.410576;0.033825;,
  0.023629;0.775922;-0.064854;,
  -0.003426;0.427146;-0.025549;,
  0.074975;0.903385;-0.149400;,
  0.058630;0.908522;-0.153133;,
  0.053329;0.771864;-0.124841;,
  0.050781;0.762233;-0.099096;,
  0.056620;0.834789;-0.184421;,
  0.052183;0.811078;-0.176325;,
  -0.000446;0.583068;0.042432;,
  0.085552;0.761575;-0.019966;,
  0.087820;-0.002452;-0.054367;,
  0.042903;0.757977;-0.103959;,
  0.045693;0.786631;-0.158798;,
  0.037764;0.767298;-0.131547;,
  0.109634;0.713036;0.029144;,
  0.031649;0.754250;-0.109494;,
  0.092699;0.698737;0.001219;,
  0.098291;0.695509;-0.014968;,
  0.100902;0.698714;-0.046792;,
  0.089137;0.863672;-0.078140;,
  0.067695;0.190447;-0.046008;,
  0.021308;0.203526;-0.097273;,
  0.034306;0.132284;-0.075087;,
  0.066861;0.126389;-0.008767;,
  0.066283;0.242007;-0.094363;,
  0.022194;0.259340;-0.114091;,
  0.064588;0.344480;-0.082589;,
  0.010720;0.353222;-0.096236;,
  0.057035;0.443772;-0.071660;,
  0.008418;0.441252;-0.084779;,
  0.042331;0.489484;-0.063761;,
  0.037745;0.063505;-0.059415;,
  0.069650;0.061535;0.031992;,
  0.036121;0.162990;0.073382;,
  0.039609;0.100636;0.105369;,
  -0.009735;0.075150;0.100066;,
  -0.008255;0.143710;0.074000;,
  -0.006451;0.204624;0.040696;,
  0.029866;0.228768;0.035920;,
  -0.004243;0.258220;0.024358;,
  0.032393;0.255877;0.013106;,
  0.021346;0.330699;0.032249;,
  -0.005967;0.337301;0.035647;,
  -0.005609;0.405045;0.041435;,
  0.092699;0.698737;0.001219;,
  -0.053493;0.753713;-0.050967;,
  -0.064985;0.734191;-0.054855;,
  -0.014086;0.738671;-0.060206;,
  -0.007488;0.768586;-0.045620;,
  -0.069364;0.715238;-0.064669;,
  -0.079060;0.683467;-0.050175;,
  -0.040460;0.676848;-0.077691;,
  -0.023178;0.707197;-0.075870;,
  -0.009969;0.791940;-0.010093;,
  -0.032614;0.776333;0.019677;,
  -0.059692;0.774959;0.013444;,
  -0.042986;0.777578;-0.007739;,
  -0.081618;0.526391;0.022085;,
  -0.074695;0.537901;0.018601;,
  -0.041934;0.528930;0.040297;,
  -0.041442;0.513802;0.045535;,
  -0.067623;0.549748;-0.035722;,
  -0.082047;0.520532;-0.020753;,
  -0.039139;0.549897;-0.066088;,
  -0.067892;0.503418;-0.054593;,
  -0.039538;0.494633;-0.065315;,
  0.000780;0.524288;0.040583;,
  0.000257;0.507060;0.045150;,
  -0.050739;0.637997;0.046835;,
  -0.053557;0.683711;0.049803;,
  0.002438;0.677098;0.059077;,
  0.000861;0.635103;0.054039;,
  -0.058408;0.456247;-0.077218;,
  -0.094198;0.449101;-0.042005;,
  -0.111651;0.356017;-0.075530;,
  -0.072801;0.361485;-0.102294;,
  -0.110913;0.262829;-0.085390;,
  -0.082049;0.260030;-0.127227;,
  -0.010764;0.446981;-0.055440;,
  -0.026168;0.350534;-0.077338;,
  -0.035013;0.332459;-0.004083;,
  -0.015583;0.406341;0.022225;,
  -0.054554;0.256623;-0.088359;,
  -0.057300;0.261064;-0.048710;,
  -0.114031;0.341223;-0.012516;,
  -0.092306;0.417140;0.010777;,
  -0.097635;0.267152;-0.049222;,
  -0.113922;0.065177;0.083093;,
  -0.139609;0.101507;0.092310;,
  -0.113735;0.124852;0.091515;,
  -0.078390;0.092737;0.081380;,
  -0.088560;0.205009;-0.081241;,
  -0.118692;0.219402;-0.054785;,
  -0.121294;0.153722;-0.019268;,
  -0.093298;0.140046;-0.045910;,
  -0.119389;0.080109;0.017817;,
  -0.095609;0.069139;-0.001311;,
  -0.047767;0.195573;-0.052064;,
  -0.062956;0.146286;-0.022478;,
  -0.057772;0.172166;0.011249;,
  -0.045614;0.233020;-0.010835;,
  -0.089052;0.093383;0.020453;,
  -0.093861;0.105119;0.026625;,
  -0.119726;0.176299;0.011934;,
  -0.116643;0.246347;-0.013382;,
  -0.115870;0.103817;0.023480;,
  -0.089948;0.491687;-0.022298;,
  -0.010764;0.446981;-0.055440;,
  -0.044674;0.464825;0.053502;,
  -0.093742;0.474589;0.029440;,
  -0.046233;0.422919;0.039496;,
  -0.091189;0.428029;0.017012;,
  -0.047616;0.586899;0.038434;,
  -0.081291;0.639304;0.027280;,
  -0.091301;0.645652;0.009945;,
  -0.078315;0.591904;0.012057;,
  -0.068302;0.598803;-0.037079;,
  -0.081374;0.650502;-0.042419;,
  -0.044393;0.596345;-0.065339;,
  -0.045236;0.647277;-0.075674;,
  -0.118016;0.765198;-0.038150;,
  -0.163262;0.782703;-0.023610;,
  -0.111836;0.714559;-0.021029;,
  -0.211585;0.789906;-0.002953;,
  -0.216883;0.743890;0.011719;,
  -0.170163;0.726031;-0.005425;,
  -0.103115;0.730913;0.037009;,
  -0.170163;0.726031;-0.005425;,
  -0.149426;0.742779;0.055031;,
  -0.216883;0.743890;0.011719;,
  -0.202681;0.757591;0.062115;,
  -0.099018;0.740611;0.041202;,
  -0.142206;0.799520;0.036808;,
  -0.098116;0.781440;0.022586;,
  -0.197472;0.803492;0.047556;,
  -0.107376;0.779490;-0.014093;,
  -0.231474;0.793380;-0.011812;,
  -0.290848;0.786911;-0.013330;,
  -0.299200;0.752966;-0.002129;,
  -0.240580;0.739481;0.005862;,
  -0.340998;0.784479;-0.011645;,
  -0.337000;0.760986;-0.002786;,
  -0.240580;0.739481;0.005862;,
  -0.299200;0.752966;-0.002129;,
  -0.297903;0.778007;0.049303;,
  -0.239818;0.758380;0.066000;,
  -0.337000;0.760986;-0.002786;,
  -0.341642;0.779129;0.031673;,
  -0.291193;0.803890;0.040408;,
  -0.230699;0.812025;0.048534;,
  -0.343330;0.796071;0.024166;,
  -0.436307;0.701769;-0.022920;,
  -0.436601;0.725896;0.018224;,
  -0.415620;0.729470;0.022482;,
  -0.414918;0.705209;-0.019106;,
  -0.391575;0.716307;-0.026057;,
  -0.395093;0.717571;-0.037108;,
  -0.406453;0.723248;-0.029364;,
  -0.401538;0.717844;-0.021136;,
  -0.369183;0.754842;0.031114;,
  -0.354850;0.740998;-0.014438;,
  -0.387213;0.746493;-0.025898;,
  -0.405520;0.750813;0.023411;,
  -0.418619;0.763807;0.015817;,
  -0.380723;0.788788;0.019034;,
  -0.365233;0.775552;-0.028787;,
  -0.400465;0.760241;-0.031541;,
  -0.072739;0.782622;0.005439;,
  -0.083214;0.783403;-0.022551;,
  -0.047585;0.774902;-0.029936;,
  -0.042986;0.777578;-0.007739;,
  -0.088346;0.689844;0.029444;,
  -0.017760;0.783788;-0.036417;,
  -0.084053;0.763961;-0.042780;,
  -0.092683;0.736569;-0.038266;,
  -0.064985;0.734191;-0.054855;,
  -0.053493;0.753713;-0.050967;,
  -0.086811;0.736903;0.019929;,
  -0.088230;0.741421;0.016075;,
  -0.050571;0.726207;0.039718;,
  0.005746;0.715805;0.049642;,
  0.013858;0.767057;0.019407;,
  -0.059692;0.774959;0.013444;,
  -0.088230;0.741421;0.016075;,
  -0.073533;0.712190;-0.031781;,
  -0.111836;0.714559;-0.021029;,
  -0.088327;0.731771;0.009778;,
  -0.078892;0.680618;-0.035711;,
  -0.088206;0.685707;-0.002328;,
  -0.069364;0.715238;-0.064669;,
  -0.094515;0.689553;0.012815;,
  -0.354850;0.740998;-0.014438;,
  -0.010149;0.812847;-0.047096;,
  -0.001866;0.824288;-0.030305;,
  0.023662;0.827544;-0.021017;,
  0.018555;0.791690;-0.002845;,
  -0.400465;0.760241;-0.031541;,
  -0.436307;0.701769;-0.022920;,
  -0.436601;0.725896;0.018224;,
  -0.386904;0.734067;-0.044684;,
  -0.374367;0.726076;-0.023472;,
  -0.374367;0.726076;-0.023472;,
  -0.390072;0.732345;-0.017914;,
  -0.399358;0.748854;-0.033630;,
  -0.399358;0.748854;-0.033630;,
  -0.395093;0.717571;-0.037108;,
  -0.391575;0.716307;-0.026057;,
  -0.406453;0.723248;-0.029364;,
  -0.072218;0.007530;0.046357;,
  -0.068386;-0.004447;0.066176;,
  -0.017369;-0.008235;0.057659;,
  -0.023903;0.000511;0.040922;,
  -0.109171;0.124109;0.056559;,
  -0.079545;0.095210;0.056406;,
  -0.078390;0.092737;0.081380;,
  -0.113735;0.124852;0.091515;,
  -0.093861;0.105119;0.026625;,
  -0.140334;0.096549;0.054478;,
  -0.115870;0.103817;0.023480;,
  -0.113922;0.065177;0.083093;,
  -0.118528;0.067390;0.048416;,
  -0.139609;0.101507;0.092310;,
  -0.095609;0.069139;-0.001311;,
  -0.119389;0.080109;0.017817;,
  -0.009652;0.026034;0.045372;,
  0.001981;0.022652;0.058953;,
  0.001981;0.022652;0.058953;,
  -0.068386;-0.004447;0.066176;,
  -0.026168;0.350534;-0.077338;,
  -0.054554;0.256623;-0.088359;,
  -0.047767;0.195573;-0.052064;,
  -0.062956;0.146286;-0.022478;,
  -0.089052;0.093383;0.020453;,
  -0.089052;0.093383;0.020453;,
  -0.017972;0.804452;-0.071022;,
  -0.002076;0.800481;-0.057683;,
  -0.002530;0.782413;-0.070934;,
  -0.009639;0.786241;-0.078734;,
  -0.007103;0.833702;-0.068939;,
  0.001993;0.854879;-0.061775;,
  0.039785;0.878267;-0.176574;,
  0.059974;0.878943;-0.175985;,
  0.012650;0.802094;-0.158971;,
  0.029172;0.794362;-0.158884;,
  0.022356;0.825575;-0.174373;,
  -0.010588;0.796824;-0.097270;,
  -0.016987;0.825083;-0.090523;,
  -0.014227;0.818165;-0.073629;,
  -0.010791;0.860291;-0.106204;,
  -0.008055;0.849095;-0.127865;,
  -0.003868;0.825224;-0.140321;,
  0.010233;0.844082;-0.172049;,
  0.001280;0.867125;-0.159050;,
  -0.008038;0.874929;-0.098425;,
  0.003555;0.894605;-0.089669;,
  0.041368;0.899484;-0.075454;,
  0.020776;0.913168;-0.131035;,
  0.052764;0.918630;-0.119422;,
  -0.009557;0.812105;-0.122684;,
  -0.003130;0.779060;-0.096771;,
  0.004253;0.789172;-0.130475;,
  0.005862;0.753135;-0.082629;,
  0.030798;0.843858;-0.182545;,
  0.018273;0.874452;-0.172567;,
  0.023684;0.900845;-0.159735;,
  0.006195;0.898514;-0.143906;,
  0.041449;0.907268;-0.156399;,
  0.058630;0.908522;-0.153133;,
  0.033048;0.866677;-0.053804;,
  0.006195;0.898514;-0.143906;,
  0.023684;0.900845;-0.159735;,
  -0.013820;0.828957;-0.113914;,
  -0.010149;0.812847;-0.047096;,
  -0.017760;0.783788;-0.036417;,
  -0.047585;0.774902;-0.029936;,
  -0.007103;0.833702;-0.068939;,
  -0.002881;0.459676;0.053484;,
  -0.004727;0.427111;0.042867;,
  -0.005523;0.410576;0.033825;,
  -0.003426;0.427146;-0.025549;,
  0.041449;0.907268;-0.156399;,
  0.058630;0.908522;-0.153133;,
  0.012223;0.766700;-0.107145;,
  0.022231;0.775467;-0.131333;,
  -0.000446;0.583068;0.042432;,
  -0.047585;0.774902;-0.029936;,
  -0.017369;-0.008235;0.057659;,
  0.020240;0.760602;-0.108690;,
  -0.088327;0.731771;0.009778;,
  -0.070396;0.714323;-0.015291;,
  -0.073533;0.712190;-0.031781;,
  -0.069364;0.715238;-0.064669;,
  -0.008038;0.874929;-0.098425;,
  -0.038981;0.207035;-0.115452;,
  -0.047714;0.134714;-0.095388;,
  -0.007141;0.135959;-0.100660;,
  -0.009036;0.210964;-0.112314;,
  -0.041647;0.270743;-0.132358;,
  -0.009245;0.272707;-0.127494;,
  -0.022626;0.361970;-0.106502;,
  -0.005204;0.358923;-0.105824;,
  -0.011047;0.448584;-0.088016;,
  -0.000954;0.443246;-0.089672;,
  0.001345;0.487225;-0.077841;,
  -0.039538;0.494633;-0.065315;,
  -0.050059;0.065476;-0.080803;,
  -0.005476;0.071460;-0.094488;,
  -0.058380;0.103869;0.072832;,
  -0.115857;0.103821;0.023481;,
  -0.119726;0.176299;0.011934;,
  -0.055252;0.171139;0.039139;,
  -0.116643;0.246347;-0.013382;,
  -0.053287;0.236490;0.004323;,
  -0.049922;0.263254;-0.016669;,
  -0.097635;0.267152;-0.049222;,
  -0.114031;0.341223;-0.012516;,
  -0.034266;0.327865;0.012790;,
  -0.004727;0.427111;0.042867;,
  -0.046233;0.422919;0.039496;,
  -0.070396;0.714323;-0.015291;,
  -0.058408;0.456247;-0.077218;,
  -0.072801;0.361485;-0.102294;,
  -0.082049;0.260030;-0.127227;,
  -0.088560;0.205009;-0.081241;,
  -0.093298;0.140046;-0.045910;,
  -0.095609;0.069139;-0.001311;,
  0.084898;0.410881;0.020266;,
  0.102245;0.333413;0.010310;,
  0.037330;0.420291;0.043733;,
  0.080884;0.255054;-0.015574;,
  0.097757;0.231521;0.021160;,
  0.095047;0.162224;0.048504;,
  0.076388;0.091663;0.076128;,
  -0.092306;0.417140;0.010777;,
  0.010461;-0.000362;0.001130;,
  0.003233;-0.000362;0.011079;,
  0.003233;0.814332;0.011079;,
  0.010461;0.814332;0.001130;,
  -0.008463;-0.000362;0.007279;,
  -0.008463;0.814332;0.007279;,
  -0.008463;-0.000362;-0.005018;,
  -0.008463;0.814332;-0.005018;,
  0.003233;-0.000362;-0.008819;,
  0.003233;0.814332;-0.008819;,
  -0.008463;-0.000362;0.007279;,
  0.003233;-0.000362;0.011079;,
  0.010461;-0.000362;0.001130;,
  -0.008463;-0.000362;-0.005018;,
  0.003233;-0.000362;-0.008819;,
  -0.008463;0.814332;0.007279;,
  -0.008463;0.814332;-0.005018;,
  0.003233;0.814332;-0.008819;,
  0.003233;0.814332;0.011079;,
  0.010461;0.814332;0.001130;,
  -0.442437;0.784292;0.018300;,
  -0.441609;0.791472;0.028248;,
  0.469120;0.686381;0.028248;,
  0.468292;0.679200;0.018300;,
  -0.440268;0.803091;0.024448;,
  0.470461;0.697999;0.024448;,
  -0.440268;0.803091;0.012151;,
  0.470461;0.697999;0.012151;,
  -0.441609;0.791472;0.008351;,
  0.469120;0.686381;0.008351;,
  -0.440268;0.803091;0.024448;,
  -0.441609;0.791472;0.028248;,
  -0.442437;0.784292;0.018300;,
  -0.440268;0.803091;0.012151;,
  -0.441609;0.791472;0.008351;,
  0.470461;0.697999;0.024448;,
  0.470461;0.697999;0.012151;,
  0.469120;0.686381;0.008351;,
  0.469120;0.686381;0.028248;,
  0.468292;0.679200;0.018300;,
  0.090033;0.739404;-0.039828;,
  0.090033;0.739404;-0.039828;,
  0.048085;0.763247;-0.039759;,
  0.048085;0.763247;-0.039759;,
  0.048085;0.763247;-0.039759;,
  0.048085;0.763247;-0.039759;,
  0.048085;0.763247;-0.039759;,
  0.048085;0.763247;-0.039759;,
  0.098238;0.718023;-0.041385;,
  0.098238;0.718023;-0.041385;,
  0.066673;0.667630;-0.068450;,
  0.066673;0.667630;-0.068450;,
  0.066673;0.667630;-0.068450;,
  0.066673;0.667630;-0.068450;,
  0.066673;0.667630;-0.068450;,
  0.100756;0.667995;-0.034665;,
  0.100756;0.667995;-0.034665;,
  0.100756;0.667995;-0.034665;,
  0.100756;0.667995;-0.034665;,
  0.100756;0.667995;-0.034665;,
  0.047519;0.786418;-0.004029;,
  0.047519;0.786418;-0.004029;,
  0.047519;0.786418;-0.004029;,
  0.047519;0.786418;-0.004029;,
  0.047519;0.786418;-0.004029;,
  0.047519;0.786418;-0.004029;,
  0.078748;0.765857;0.002637;,
  0.078748;0.765857;0.002637;,
  0.088550;0.760909;0.028571;,
  0.088550;0.760909;0.028571;,
  0.088550;0.760909;0.028571;,
  0.043722;0.523749;0.041919;,
  0.043722;0.523749;0.041919;,
  0.043722;0.523749;0.041919;,
  0.043722;0.523749;0.041919;,
  0.043722;0.523749;0.041919;,
  0.078135;0.528659;0.021494;,
  0.078135;0.528659;0.021494;,
  0.078135;0.528659;0.021494;,
  0.078135;0.528659;0.021494;,
  0.078135;0.528659;0.021494;,
  0.074636;0.541145;-0.033029;,
  0.074636;0.541145;-0.033029;,
  0.074636;0.541145;-0.033029;,
  0.074636;0.541145;-0.033029;,
  0.074636;0.541145;-0.033029;,
  0.074636;0.541145;-0.033029;,
  0.047564;0.544653;-0.064447;,
  0.047564;0.544653;-0.064447;,
  0.047564;0.544653;-0.064447;,
  0.047564;0.544653;-0.064447;,
  0.047564;0.544653;-0.064447;,
  0.071005;0.494373;-0.052203;,
  0.071005;0.494373;-0.052203;,
  0.071005;0.494373;-0.052203;,
  0.071005;0.494373;-0.052203;,
  0.071005;0.494373;-0.052203;,
  0.071005;0.494373;-0.052203;,
  0.013607;0.670891;-0.080497;,
  0.013607;0.670891;-0.080497;,
  0.013607;0.670891;-0.080497;,
  0.013607;0.670891;-0.080497;,
  0.013607;0.670891;-0.080497;,
  0.000780;0.524288;0.040583;,
  0.000780;0.524288;0.040583;,
  0.052779;0.630405;0.053242;,
  0.052779;0.630405;0.053242;,
  0.052779;0.630405;0.053242;,
  0.052779;0.630405;0.053242;,
  0.000861;0.635103;0.054039;,
  0.000861;0.635103;0.054039;,
  0.002438;0.677098;0.059077;,
  0.002438;0.677098;0.059077;,
  0.059493;0.673984;0.059554;,
  0.059493;0.673984;0.059554;,
  0.059493;0.673984;0.059554;,
  0.059493;0.673984;0.059554;,
  0.059493;0.673984;0.059554;,
  0.057035;0.443772;-0.071660;,
  0.057035;0.443772;-0.071660;,
  0.057035;0.443772;-0.071660;,
  0.057035;0.443772;-0.071660;,
  0.057035;0.443772;-0.071660;,
  0.057035;0.443772;-0.071660;,
  0.091229;0.437439;-0.034698;,
  0.091229;0.437439;-0.034698;,
  0.091229;0.437439;-0.034698;,
  0.091229;0.437439;-0.034698;,
  0.091229;0.437439;-0.034698;,
  0.091229;0.437439;-0.034698;,
  0.066283;0.242007;-0.094363;,
  0.066283;0.242007;-0.094363;,
  0.066283;0.242007;-0.094363;,
  0.066283;0.242007;-0.094363;,
  0.066283;0.242007;-0.094363;,
  0.094477;0.246379;-0.051487;,
  0.094477;0.246379;-0.051487;,
  0.094477;0.246379;-0.051487;,
  0.094477;0.246379;-0.051487;,
  0.094477;0.246379;-0.051487;,
  0.006878;0.407806;0.029170;,
  0.006878;0.407806;0.029170;,
  0.006878;0.407806;0.029170;,
  0.006878;0.407806;0.029170;,
  0.006878;0.407806;0.029170;,
  0.006878;0.407806;0.029170;,
  0.006878;0.407806;0.029170;,
  0.040196;0.252087;-0.015551;,
  0.040196;0.252087;-0.015551;,
  0.040196;0.252087;-0.015551;,
  0.040196;0.252087;-0.015551;,
  0.040196;0.252087;-0.015551;,
  0.037871;0.244224;-0.055393;,
  0.084898;0.410881;0.020266;,
  0.084898;0.410881;0.020266;,
  0.084898;0.410881;0.020266;,
  0.084898;0.410881;0.020266;,
  0.084898;0.410881;0.020266;,
  0.080884;0.255054;-0.015574;,
  0.080884;0.255054;-0.015574;,
  0.080884;0.255054;-0.015574;,
  0.080884;0.255054;-0.015574;,
  0.080884;0.255054;-0.015574;,
  0.080884;0.255054;-0.015574;,
  0.069650;0.061535;0.031992;,
  0.069650;0.061535;0.031992;,
  0.086847;0.070005;0.060515;,
  0.086847;0.070005;0.060515;,
  0.086847;0.070005;0.060515;,
  0.052368;0.087046;0.075610;,
  0.052368;0.087046;0.075610;,
  0.076388;0.091663;0.076128;,
  0.076388;0.091663;0.076128;,
  0.083636;0.420181;0.023471;,
  0.083636;0.420181;0.023471;,
  0.083636;0.420181;0.023471;,
  0.083636;0.420181;0.023471;,
  0.037330;0.420291;0.043733;,
  0.037330;0.420291;0.043733;,
  0.037330;0.420291;0.043733;,
  0.037330;0.420291;0.043733;,
  0.046991;0.580829;0.042409;,
  0.046991;0.580829;0.042409;,
  0.046991;0.580829;0.042409;,
  0.046991;0.580829;0.042409;,
  0.046991;0.580829;0.042409;,
  0.046991;0.580829;0.042409;,
  0.085210;0.627093;0.037586;,
  0.085210;0.627093;0.037586;,
  0.085210;0.627093;0.037586;,
  0.085210;0.627093;0.037586;,
  0.085210;0.627093;0.037586;,
  0.098040;0.631765;0.021665;,
  0.098040;0.631765;0.021665;,
  0.098040;0.631765;0.021665;,
  0.098040;0.631765;0.021665;,
  0.098040;0.631765;0.021665;,
  0.098040;0.631765;0.021665;,
  0.095093;0.637560;-0.031495;,
  0.095093;0.637560;-0.031495;,
  0.095093;0.637560;-0.031495;,
  0.095093;0.637560;-0.031495;,
  0.095093;0.637560;-0.031495;,
  0.074868;0.589616;-0.031064;,
  0.074868;0.589616;-0.031064;,
  0.074868;0.589616;-0.031064;,
  0.074868;0.589616;-0.031064;,
  0.074868;0.589616;-0.031064;,
  0.074868;0.589616;-0.031064;,
  0.080035;0.581744;0.018710;,
  0.080035;0.581744;0.018710;,
  0.080035;0.581744;0.018710;,
  0.080035;0.581744;0.018710;,
  0.062939;0.639343;-0.068978;,
  0.062939;0.639343;-0.068978;,
  0.062939;0.639343;-0.068978;,
  0.062939;0.639343;-0.068978;,
  0.062939;0.639343;-0.068978;,
  0.053071;0.590091;-0.061244;,
  0.053071;0.590091;-0.061244;,
  0.053071;0.590091;-0.061244;,
  0.053071;0.590091;-0.061244;,
  0.053071;0.590091;-0.061244;,
  0.008359;0.647300;-0.078573;,
  0.008359;0.647300;-0.078573;,
  0.008359;0.647300;-0.078573;,
  0.008359;0.647300;-0.078573;,
  0.008359;0.647300;-0.078573;,
  0.008359;0.647300;-0.078573;,
  0.008359;0.647300;-0.078573;,
  0.004245;0.589068;-0.068434;,
  0.004245;0.589068;-0.068434;,
  0.004245;0.589068;-0.068434;,
  0.004245;0.589068;-0.068434;,
  0.004245;0.589068;-0.068434;,
  0.242208;0.687793;0.013709;,
  0.242208;0.687793;0.013709;,
  0.248095;0.731794;-0.006047;,
  0.248095;0.731794;-0.006047;,
  0.248095;0.731794;-0.006047;,
  0.248095;0.731794;-0.006047;,
  0.248095;0.731794;-0.006047;,
  0.236507;0.709967;0.062993;,
  0.236507;0.709967;0.062993;,
  0.236507;0.709967;0.062993;,
  0.236507;0.709967;0.062993;,
  0.236507;0.709967;0.062993;,
  0.242208;0.687793;0.013709;,
  0.242447;0.753845;0.043356;,
  0.242447;0.753845;0.043356;,
  0.242447;0.753845;0.043356;,
  0.242447;0.753845;0.043356;,
  0.242447;0.753845;0.043356;,
  0.242447;0.753845;0.043356;,
  0.362133;0.673199;-0.006960;,
  0.362133;0.673199;-0.006960;,
  0.372338;0.692082;-0.017631;,
  0.372338;0.692082;-0.017631;,
  0.372338;0.692082;-0.017631;,
  0.372338;0.692082;-0.017631;,
  0.372338;0.692082;-0.017631;,
  0.372338;0.692082;-0.017631;,
  0.272195;0.701393;0.065340;,
  0.272195;0.701393;0.065340;,
  0.272195;0.701393;0.065340;,
  0.272195;0.701393;0.065340;,
  0.272195;0.701393;0.065340;,
  0.372490;0.691882;0.025872;,
  0.372490;0.691882;0.025872;,
  0.372490;0.691882;0.025872;,
  0.372490;0.691882;0.025872;,
  0.362133;0.673199;-0.006960;,
  0.362133;0.673199;-0.006960;,
  0.276037;0.753412;0.041990;,
  0.276037;0.753412;0.041990;,
  0.276037;0.753412;0.041990;,
  0.276037;0.753412;0.041990;,
  0.379322;0.706248;0.016636;,
  0.379322;0.706248;0.016636;,
  0.379322;0.706248;0.016636;,
  0.379322;0.706248;0.016636;,
  0.379322;0.706248;0.016636;,
  0.107807;0.764254;0.016737;,
  0.107807;0.764254;0.016737;,
  0.107807;0.764254;0.016737;,
  0.107807;0.764254;0.016737;,
  0.121101;0.762585;-0.009989;,
  0.121101;0.762585;-0.009989;,
  0.121101;0.762585;-0.009989;,
  0.121101;0.762585;-0.009989;,
