xof 0303txt 0032
template XSkinMeshHeader {
 <3cf169ce-ff7c-44ab-93c0-f78f62d172e2>
 WORD nMaxSkinWeightsPerVertex;
 WORD nMaxSkinWeightsPerFace;
 WORD nBones;
}

template VertexDuplicationIndices {
 <b8d65549-d7c9-4995-89cf-53a9a8b031e3>
 DWORD nIndices;
 DWORD nOriginalVertices;
 array DWORD indices[nIndices];
}

template SkinWeights {
 <6f0d123b-bad2-4167-a0d0-80224f25fabb>
 STRING transformNodeName;
 DWORD nWeights;
 array DWORD vertexIndices[nWeights];
 array FLOAT weights[nWeights];
 Matrix4x4 matrixOffset;
}

template AnimTicksPerSecond {
 <9e415a43-7ba6-4a73-8743-b73d47e88476>
 DWORD AnimTicksPerSecond;
}

template VertexElement {
 <f752461c-1e23-48f6-b9f8-8350850f336f>
 DWORD Type;
 DWORD Method;
 DWORD Usage;
 DWORD UsageIndex;
}

template DeclData {
 <bf22e553-292c-4781-9fea-62bd554bdd93>
 DWORD nElements;
 array VertexElement Elements[nElements];
 DWORD nDWords;
 array DWORD data[nDWords];
}


AnimTicksPerSecond {
 4800;
}

Frame Dummy01 {
 

 FrameTransformMatrix {
  1.000000,0.000000,0.000000,0.000000,0.000000,-0.000000,-1.000000,0.000000,0.000000,1.000000,-0.000000,0.000000,0.000000,0.000000,0.000000,1.000000;;
 }

 Frame Bip01 {
  

  FrameTransformMatrix {
   -0.110975,0.989867,0.088585,0.000000,0.000147,-0.089119,0.996021,0.000000,0.993823,0.110546,0.009744,0.000000,0.016667,0.022986,0.503054,1.000000;;
  }

  Frame Bip01_Pelvis {
   

   FrameTransformMatrix {
    0.000000,1.000000,-0.000001,0.000000,-0.000001,0.000001,1.000000,0.000000,1.000000,0.000000,0.000001,0.000000,0.000000,0.000000,0.000000,1.000000;;
   }

   Frame Bip01_Spine {
    

    FrameTransformMatrix {
     0.984686,0.000002,-0.174337,0.000000,-0.000001,1.000000,0.000004,0.000000,0.174337,-0.000004,0.984686,0.000000,0.051619,0.000000,-0.000083,1.000000;;
    }

    Frame Bip01_Spine1 {
     

     FrameTransformMatrix {
      0.972079,0.234574,0.006195,0.000000,-0.229608,0.956285,-0.181106,0.000000,-0.048407,0.174627,0.983444,0.000000,0.106484,-0.000015,-0.000083,1.000000;;
     }

     Frame Bip01_Neck {
      

      FrameTransformMatrix {
       1.000000,-0.000000,0.000000,0.000000,0.000000,1.000000,0.000000,0.000000,-0.000000,0.000000,1.000000,0.000000,0.130505,-0.000000,0.004625,1.000000;;
      }

      Frame Bip01_Head {
       

       FrameTransformMatrix {
        0.912630,0.265748,-0.310621,0.000000,-0.187944,0.947558,0.258479,0.000000,0.363021,-0.177516,0.914715,0.000000,0.033674,0.000000,0.000000,1.000000;;
       }

       Frame Bip01_HeadNub {
        

        FrameTransformMatrix {
         1.000000,-0.000000,0.000000,0.000000,-0.000000,1.000000,0.000000,0.000000,-0.000000,0.000000,1.000000,0.000000,0.169824,-0.000000,-0.000000,1.000000;;
        }
       }
      }

      Frame Bip01_L_Clavicle {
       

       FrameTransformMatrix {
        -0.192084,0.981378,0.000150,0.000000,0.981378,0.192084,-0.000782,0.000000,-0.000796,-0.000003,-1.000000,0.000000,-0.024025,0.015714,-0.004625,1.000000;;
       }

       Frame Bip01_L_UpperArm {
        

        FrameTransformMatrix {
         0.495524,-0.804474,0.327532,0.000000,0.868566,0.462001,-0.179302,0.000000,-0.007076,0.373331,0.927671,0.000000,0.087086,-0.000000,0.000000,1.000000;;
        }

        Frame Bip01_L_Forearm {
         

         FrameTransformMatrix {
          0.999998,-0.000000,-0.002128,0.000000,0.000000,1.000000,0.000000,0.000000,0.002128,-0.000000,0.999998,0.000000,0.137062,0.000000,0.000000,1.000000;;
         }

         Frame Bip01_L_Hand {
          

          FrameTransformMatrix {
           1.000000,-0.000000,0.000000,0.000000,0.000000,0.000796,1.000000,0.000000,-0.000000,-1.000000,0.000796,0.000000,0.137062,0.000000,0.000000,1.000000;;
          }

          Frame Bip01_L_Finger0 {
           

           FrameTransformMatrix {
            0.690342,-0.181727,0.700288,0.000000,0.558537,0.749101,-0.356210,0.000000,-0.459853,0.637043,0.618637,0.000000,0.057681,-0.023605,-0.000272,1.000000;;
           }

           Frame Bip01_L_Finger0Nub {
            

            FrameTransformMatrix {
             1.000000,0.000000,0.000000,0.000000,0.000000,1.000000,-0.000000,0.000000,-0.000000,0.000000,1.000000,0.000000,0.029435,0.000000,0.000000,1.000000;;
            }
           }
          }

          Frame Bip01_L_Finger1 {
           

           FrameTransformMatrix {
            0.728079,-0.000546,0.685493,0.000000,-0.000000,1.000000,0.000796,0.000000,-0.685493,-0.000580,0.728079,0.000000,0.084102,0.000000,0.000000,1.000000;;
           }

           Frame Bip01_L_Finger1Nub {
            

            FrameTransformMatrix {
             1.000000,-0.000000,0.000000,0.000000,-0.000000,1.000000,-0.000000,0.000000,-0.000000,-0.000000,1.000000,0.000000,0.047988,0.000000,0.000000,1.000000;;
            }
           }
          }
         }
        }
       }
      }

      Frame Bip01_R_Clavicle {
       

       FrameTransformMatrix {
        -0.051061,-0.998696,0.000043,0.000000,-0.998695,0.051061,0.000795,0.000000,-0.000796,-0.000003,-1.000000,0.000000,-0.024025,-0.015715,-0.004625,1.000000;;
       }

       Frame Bip01_R_UpperArm {
        

        FrameTransformMatrix {
         0.023857,0.859236,0.511023,0.000000,-0.999289,0.035429,-0.012919,0.000000,-0.029206,-0.510352,0.859470,0.000000,0.087086,-0.000000,0.000000,1.000000;;
        }

        Frame Bip01_R_Forearm {
         

         FrameTransformMatrix {
          0.826373,0.000000,-0.563123,0.000000,0.000000,1.000000,0.000000,0.000000,0.563123,0.000000,0.826373,0.000000,0.137062,0.000000,0.000000,1.000000;;
         }

         Frame Bip01_R_Hand {
          

          FrameTransformMatrix {
           0.997952,-0.000781,-0.063965,0.000000,-0.063964,0.001093,-0.997952,0.000000,0.000849,0.999999,0.001041,0.000000,0.137062,0.000000,0.000000,1.000000;;
          }

          Frame Bip01_R_Finger0 {
           

           FrameTransformMatrix {
            0.417774,-0.116941,0.900994,0.000000,-0.558537,0.749101,0.356210,0.000000,-0.716591,-0.652054,0.247639,0.000000,0.057681,0.023605,-0.000272,1.000000;;
           }

           Frame Bip01_R_Finger0Nub {
            

            FrameTransformMatrix {
             -1.000000,-0.000000,-0.000000,0.000000,0.000000,1.000000,-0.000000,0.000000,0.000000,0.000000,-1.000000,0.000000,0.029435,0.000000,0.000000,1.000000;;
            }
           }
          }

          Frame Bip01_R_Finger1 {
           

           FrameTransformMatrix {
            0.352436,0.000745,0.935835,0.000000,0.000000,1.000000,-0.000796,0.000000,-0.935836,0.000281,0.352436,0.000000,0.084102,-0.000000,0.000000,1.000000;;
           }

           Frame Bip01_R_Finger1Nub {
            

            FrameTransformMatrix {
             -1.000000,0.000000,0.000000,0.000000,0.000000,1.000000,0.000000,0.000000,0.000000,0.000000,-1.000000,0.000000,0.047988,0.000000,0.000000,1.000000;;
            }
           }
          }
         }
        }
       }
      }
     }

     Frame Bip01_BackPack {
      

      FrameTransformMatrix {
       0.035097,-0.075887,-0.996499,0.000000,0.053820,0.995809,-0.073939,0.000000,0.997934,-0.051036,0.039035,0.000000,0.051182,0.000002,-0.091273,1.000000;;
      }

      Frame Bip01_BackPackNub {
       

       FrameTransformMatrix {
        0.000796,0.000003,1.000000,0.000000,0.000000,-1.000000,0.000003,0.000000,1.000000,-0.000000,-0.000796,0.000000,0.053240,0.000000,0.000000,1.000000;;
       }
      }
     }
    }

    Frame Bip01_L_Thigh {
     

     FrameTransformMatrix {
      -0.982122,-0.001127,-0.188244,0.000000,0.006608,-0.999572,-0.028493,0.000000,-0.188131,-0.029228,0.981709,0.000000,-0.050843,0.055225,-0.008917,1.000000;;
     }

     Frame Bip01_L_Calf {
      

      FrameTransformMatrix {
       0.944703,-0.000000,-0.327926,0.000000,-0.000000,1.000000,0.000000,0.000000,0.327926,-0.000000,0.944703,0.000000,0.237500,0.000000,-0.000000,1.000000;;
      }

      Frame Bip01_L_Foot {
       

       FrameTransformMatrix {
        0.947841,0.001678,0.318740,0.000000,-0.046187,0.990156,0.132131,0.000000,-0.315381,-0.139961,0.938587,0.000000,0.206841,0.000000,-0.000000,1.000000;;
       }

       Frame Bip01_L_Toe0 {
        

        FrameTransformMatrix {
         -0.288015,0.000001,0.957626,0.000000,0.000002,1.000000,-0.000001,0.000000,-0.957626,0.000001,-0.288015,0.000000,0.065373,0.000000,0.066450,1.000000;;
        }

        Frame Bip01_L_Toe0Nub {
         

         FrameTransformMatrix {
          -1.000000,-0.000000,0.000000,0.000000,-0.000000,1.000000,0.000000,0.000000,-0.000000,-0.000000,-1.000000,0.000000,0.006735,-0.000000,0.000000,1.000000;;
         }
        }
       }
      }
     }
    }

    Frame Bip01_R_Thigh {
     

     FrameTransformMatrix {
      -0.966186,-0.093145,-0.240435,0.000000,0.117667,-0.988993,-0.089706,0.000000,-0.229433,-0.114963,0.966511,0.000000,-0.050843,-0.055225,-0.008917,1.000000;;
     }

     Frame Bip01_R_Calf {
      

      FrameTransformMatrix {
       0.913409,-0.000000,-0.407044,0.000000,0.000000,1.000000,-0.000000,0.000000,0.407044,0.000000,0.913409,0.000000,0.237500,0.000000,0.000000,1.000000;;
      }

      Frame Bip01_R_Foot {
       

       FrameTransformMatrix {
        0.946630,-0.064707,0.315760,0.000000,-0.013547,0.970789,0.239551,0.000000,-0.322037,-0.231043,0.918102,0.000000,0.206841,0.000000,0.000000,1.000000;;
       }

       Frame Bip01_R_Toe0 {
        

        FrameTransformMatrix {
         0.744104,-0.000001,0.668064,0.000000,0.000001,1.000000,0.000001,0.000000,-0.668064,0.000000,0.744104,0.000000,0.065373,0.000000,0.066450,1.000000;;
        }

        Frame Bip01_R_Toe0Nub {
         

         FrameTransformMatrix {
          1.000000,0.000000,0.000000,0.000000,0.000000,1.000000,0.000000,0.000000,0.000000,0.000000,1.000000,0.000000,0.006735,-0.000000,0.000000,1.000000;;
         }
        }
       }
      }
     }
    }
   }

   Frame Bip01_DressFront {
    

    FrameTransformMatrix {
     -0.995924,-0.072729,-0.053343,0.000000,-0.071040,0.996930,-0.032911,0.000000,0.055573,-0.028987,-0.998034,0.000000,-0.044010,0.001403,0.061087,1.000000;;
    }

    Frame Bip01_DressFront02 {
     

     FrameTransformMatrix {
      0.946511,0.081243,0.312276,0.000000,-0.077173,0.996694,-0.025393,0.000000,-0.313307,-0.000065,0.949652,0.000000,0.183366,0.000000,-0.000125,1.000000;;
     }

     Frame Bip01_DressFrontNub {
      

      FrameTransformMatrix {
       0.000796,0.000003,1.000000,0.000000,0.000000,-1.000000,0.000003,0.000000,1.000000,-0.000000,-0.000796,0.000000,0.165302,-0.000000,0.000000,1.000000;;
      }
     }
    }
   }

   Frame Bip01_DressBack {
    

    FrameTransformMatrix {
     -0.999465,-0.021956,-0.024246,0.000000,-0.022843,0.999057,0.036921,0.000000,0.023413,0.037455,-0.999024,0.000000,-0.047736,-0.000005,-0.078279,1.000000;;
    }

    Frame Bip01_DressBack02 {
     

     FrameTransformMatrix {
      0.961427,0.000001,0.275061,0.000000,-0.000001,1.000000,-0.000000,0.000000,-0.275061,-0.000000,0.961427,0.000000,0.176189,0.000000,-0.000105,1.000000;;
     }

     Frame Bip01_DressBackNub {
      

      FrameTransformMatrix {
       0.000796,0.000003,1.000000,0.000000,-0.000000,-1.000000,0.000003,0.000000,1.000000,-0.000000,-0.000796,0.000000,0.136508,0.000000,0.000000,1.000000;;
      }
     }
    }
   }
  }

  Frame Bip01_Prop1 {
   

   FrameTransformMatrix {
    0.422404,-0.045727,-0.905253,0.000000,0.725946,-0.580963,0.368083,0.000000,-0.542750,-0.812645,-0.212206,0.000000,-0.040219,0.027871,-0.140154,1.000000;;
   }
  }

  Frame Bip01_Prop2 {
   

   FrameTransformMatrix {
    0.619219,-0.579509,0.529847,0.000000,0.772153,0.326810,-0.544955,0.000000,0.142647,0.746569,0.649836,0.000000,-0.107551,-0.050651,0.132223,1.000000;;
   }
  }
 }
}

Frame Translation_Data {
 

 FrameTransformMatrix {
  1.000000,0.000000,0.000000,0.000000,0.000000,-0.000000,-1.000000,0.000000,0.000000,1.000000,-0.000000,0.000000,0.000000,0.000000,0.000000,1.000000;;
 }
}

Frame Body {
 

 FrameTransformMatrix {
  1.000000,0.000000,0.000000,0.000000,0.000000,1.000000,0.000000,0.000000,0.000000,0.000000,1.000000,0.000000,0.000000,0.000000,0.000000,1.000000;;
 }

 Mesh Body {
  617;
  0.113919;0.745986;0.006621;,
  0.079407;0.775265;0.025660;,
  0.078377;0.750620;0.002215;,
  0.117891;0.726015;-0.002044;,
  0.121585;0.711931;-0.007024;,
  0.079366;0.724073;-0.022542;,
  0.080238;0.694970;-0.037788;,
  0.115396;0.681718;-0.007897;,
  0.082345;0.783785;0.067098;,
  0.117974;0.756240;0.056629;,
  0.121706;0.743414;0.084565;,
  0.092460;0.753506;0.091301;,
  0.103797;0.549613;0.010452;,
  0.065430;0.542366;0.038699;,
  0.065674;0.553279;0.033827;,
  0.096684;0.558966;0.008670;,
  0.085228;0.566988;-0.045708;,
  0.100175;0.537942;-0.031023;,
  0.054143;0.566218;-0.073448;,
  0.052906;0.508350;-0.067813;,
  0.082367;0.516867;-0.060945;,
  0.040514;0.737097;-0.025043;,
  0.027758;0.706749;-0.044374;,
  0.023637;0.537723;0.042736;,
  0.023005;0.550768;0.038204;,
  0.070846;0.629339;0.068753;,
  0.020084;0.635692;0.075555;,
  0.023709;0.670708;0.091817;,
  0.079622;0.662257;0.087090;,
  0.066306;0.466010;-0.074031;,
  0.068718;0.366828;-0.081131;,
  0.110244;0.362309;-0.058534;,
  0.105567;0.461773;-0.042226;,
  0.065849;0.270031;-0.088900;,
  0.100700;0.269325;-0.049281;,
  0.020703;0.465535;-0.045008;,
  0.036076;0.435602;0.036056;,
  0.042271;0.360500;0.024587;,
  0.025136;0.365628;-0.049247;,
  0.053107;0.273273;-0.003534;,
  0.044115;0.269267;-0.044495;,
  0.108095;0.439787;0.015281;,
  0.119881;0.359185;0.005440;,
  0.093393;0.275061;-0.009722;,
  0.099532;-0.000398;0.011594;,
  0.054637;-0.000175;0.008535;,
  0.059966;-0.003445;0.056951;,
  0.094823;-0.003450;0.056684;,
  0.071201;0.214384;-0.054768;,
  0.071461;0.142443;-0.037012;,
  0.104504;0.145912;-0.012995;,
  0.106413;0.218368;-0.031119;,
  0.075236;0.067071;-0.017028;,
  0.097695;0.069243;0.009426;,
  0.033873;0.202125;-0.022200;,
  0.042737;0.227869;0.026435;,
  0.049038;0.162478;0.031228;,
  0.045818;0.145632;-0.008015;,
  0.067287;0.082525;0.034131;,
  0.060731;0.061372;0.007478;,
  0.113911;0.233960;0.015196;,
  0.110453;0.159848;0.022447;,
  0.091211;0.087114;0.031220;,
  0.106809;0.508799;-0.029154;,
  0.010816;0.501348;-0.075729;,
  0.012365;0.465747;-0.064942;,
  0.020703;0.465535;-0.045008;,
  0.114561;0.498763;0.023975;,
  0.067505;0.494837;0.053168;,
  0.108700;0.451420;0.019163;,
  0.066242;0.452766;0.046120;,
  0.064799;0.590591;0.045967;,
  0.101243;0.628912;0.049674;,
  0.112824;0.637046;0.034235;,
  0.105773;0.656471;-0.015642;,
  0.084163;0.613170;-0.027911;,
  0.094738;0.596170;0.019173;,
  0.071034;0.669101;-0.048631;,
  0.059288;0.619081;-0.055269;,
  0.015227;0.679247;-0.051523;,
  0.010319;0.619016;-0.057294;,
  0.159784;0.686475;0.000380;,
  0.106667;0.694101;0.004394;,
  0.170679;0.637722;0.008707;,
  0.110953;0.632984;0.009242;,
  0.121833;0.574942;0.019458;,
  0.170201;0.579559;0.018849;,
  0.106442;0.689338;0.065132;,
  0.110912;0.639410;0.075001;,
  0.110953;0.632984;0.009242;,
  0.120378;0.590480;0.071579;,
  0.121833;0.574942;0.019458;,
  0.114734;0.691526;0.072541;,
  0.159145;0.692079;0.066082;,
  0.170729;0.644459;0.074519;,
  0.168593;0.595105;0.071015;,
  0.167179;0.690601;0.029093;,
  0.177140;0.551371;0.019240;,
  0.120528;0.541985;0.021957;,
  0.136526;0.485069;0.035619;,
  0.172169;0.493467;0.033088;,
  0.143741;0.446797;0.048334;,
  0.169760;0.445759;0.048303;,
  0.120528;0.541985;0.021957;,
  0.119626;0.560252;0.081763;,
  0.144169;0.502773;0.089490;,
  0.136526;0.485069;0.035619;,
  0.150677;0.456275;0.086155;,
  0.143741;0.446797;0.048334;,
  0.175948;0.569621;0.079278;,
  0.171455;0.509407;0.087140;,
  0.169678;0.454734;0.085002;,
  0.141043;0.322528;0.062128;,
  0.133002;0.342429;0.057315;,
  0.137562;0.365804;0.099166;,
  0.145480;0.346041;0.103390;,
  0.136011;0.365988;0.041898;,
  0.139408;0.359873;0.050667;,
  0.149168;0.356775;0.046640;,
  0.142948;0.361155;0.033859;,
  0.138282;0.420978;0.091714;,
  0.151619;0.386951;0.099472;,
  0.158865;0.385751;0.047210;,
  0.137605;0.412884;0.042661;,
  0.175915;0.424822;0.092295;,
  0.170438;0.380444;0.100729;,
  0.176136;0.417330;0.040857;,
  0.177674;0.380051;0.050404;,
  0.145728;0.740833;0.057176;,
  0.153016;0.747904;0.029060;,
  0.117974;0.756240;0.056629;,
  0.117367;0.758671;0.032342;,
  0.116667;0.662862;0.070768;,
  0.092063;0.781780;0.040412;,
  0.144148;0.738412;0.004274;,
  0.113919;0.745986;0.006621;,
  0.117891;0.726015;-0.002044;,
  0.135788;0.711956;-0.001883;,
  0.128764;0.700721;0.079693;,
  0.088505;0.696830;0.094276;,
  0.132424;0.704942;0.077224;,
  0.031138;0.706047;0.095835;,
  0.046535;0.762965;0.084426;,
  0.121706;0.743414;0.084565;,
  0.132424;0.704942;0.077224;,
  0.117284;0.697955;0.019187;,
  0.130832;0.697629;0.065129;,
  0.106667;0.694101;0.004394;,
  0.119063;0.667849;0.039029;,
  0.112706;0.675200;0.005103;,
  0.121585;0.711931;-0.007024;,
  0.124364;0.665283;0.054968;,
  0.137605;0.412884;0.042661;,
  0.085762;0.795655;0.071599;,
  0.094602;0.801255;0.050985;,
  0.054549;0.792118;0.071700;,
  0.061895;0.801488;0.083133;,
  0.177674;0.380051;0.050404;,
  0.141043;0.322528;0.062128;,
  0.145480;0.346041;0.103390;,
  0.135824;0.385784;0.039388;,
  0.156077;0.374755;0.027592;,
  0.135824;0.385784;0.039388;,
  0.145204;0.377659;0.052147;,
  0.168854;0.375104;0.045829;,
  0.168854;0.375104;0.045829;,
  0.136011;0.365988;0.041898;,
  0.142948;0.361155;0.033859;,
  0.149168;0.356775;0.046640;,
  0.105773;0.026228;-0.063664;,
  0.074198;0.025646;-0.101291;,
  0.075519;0.007577;-0.109723;,
  0.111333;0.005122;-0.072294;,
  0.056220;0.030587;0.048521;,
  0.059966;-0.003445;0.056951;,
  0.054637;-0.000175;0.008535;,
  0.053265;0.024894;0.007634;,
  0.067287;0.082525;0.034131;,
  0.091211;0.087114;0.031220;,
  0.097760;0.033638;0.048189;,
  0.099532;-0.000398;0.011594;,
  0.094823;-0.003450;0.056684;,
  0.100682;0.034634;0.011405;,
  0.075236;0.067071;-0.017028;,
  0.097695;0.069243;0.009426;,
  0.040579;0.006908;-0.099291;,
  0.046706;0.021937;-0.091058;,
  0.111333;0.005122;-0.072294;,
  0.040579;0.006908;-0.099291;,
  0.025136;0.365628;-0.049247;,
  0.044115;0.269267;-0.044495;,
  0.033873;0.202125;-0.022200;,
  0.045818;0.145632;-0.008015;,
  0.060731;0.061372;0.007478;,
  0.060731;0.061372;0.007478;,
  0.017964;0.448815;-0.016098;,
  0.106572;0.808202;0.029172;,
  0.097700;0.821400;0.014762;,
  0.086690;0.819205;0.014757;,
  0.086889;0.809136;0.035178;,
  0.108145;0.808646;0.060403;,
  0.105292;0.804914;0.084077;,
  0.147800;0.917997;0.107730;,
  0.132527;0.928286;0.116052;,
  0.127332;0.937477;0.088129;,
  0.130333;0.898279;0.029279;,
  0.140117;0.913393;0.052913;,
  0.114965;0.908068;0.028429;,
  0.124088;0.822398;0.046454;,
  0.112408;0.835010;0.022173;,
  0.110270;0.810670;0.042924;,
  0.141033;0.834384;0.079515;,
  0.146553;0.855314;0.067961;,
  0.163148;0.884067;0.084772;,
  0.154877;0.902610;0.065592;,
  0.141269;0.870943;0.046274;,
  0.134034;0.824019;0.118247;,
  0.140190;0.827546;0.094841;,
  0.099661;0.831909;0.138544;,
  0.122053;0.872285;0.155809;,
  0.150410;0.865434;0.137454;,
  0.131104;0.854829;0.033925;,
  0.116391;0.871631;0.017236;,
  0.099907;0.840836;0.008711;,
  0.075813;0.837142;-0.010231;,
  0.057117;0.847997;-0.013855;,
  0.055776;0.833146;0.001132;,
  0.144999;0.922453;0.072056;,
  0.160409;0.903558;0.096508;,
  0.162918;0.870152;0.117100;,
  0.159199;0.892464;0.124184;,
  0.132156;0.904806;0.145163;,
  0.146401;0.898439;0.137165;,
  0.081972;0.813504;0.107519;,
  0.162918;0.870152;0.117100;,
  0.159199;0.892464;0.124184;,
  0.130892;0.822316;0.045729;,
  0.152606;0.825212;0.072168;,
  0.157136;0.845116;0.078237;,
  0.142267;0.838456;0.065688;,
  0.152606;0.825212;0.072168;,
  0.130892;0.822316;0.045729;,
  0.157136;0.845116;0.078237;,
  0.146553;0.855314;0.067961;,
  0.135832;0.843111;0.048738;,
  0.124088;0.822398;0.046454;,
  0.126504;0.886726;0.030091;,
  0.135832;0.843111;0.048738;,
  0.092063;0.781780;0.040412;,
  0.094602;0.801255;0.050985;,
  0.117367;0.758671;0.032342;,
  0.108145;0.808646;0.060403;,
  0.051163;0.777645;0.004338;,
  0.045801;0.757313;-0.007771;,
  0.010557;0.564069;-0.072533;,
  0.025713;0.491824;0.057351;,
  0.025370;0.458062;0.051296;,
  0.022350;0.442514;0.044691;,
  0.058211;0.817664;0.012654;,
  0.017964;0.448815;-0.016098;,
  0.146401;0.898439;0.137165;,
  0.132156;0.904806;0.145163;,
  0.091168;0.861462;0.003788;,
  0.095240;0.883935;0.013796;,
  0.090921;0.877567;0.007965;,
  0.123191;0.939051;0.073285;,
  0.113315;0.932891;0.050660;,
  0.108758;0.896896;0.030910;,
  0.018050;0.592420;0.051540;,
  0.117367;0.758671;0.032342;,
  0.075519;0.007577;-0.109723;,
  0.087571;0.857129;0.000322;,
  0.079998;0.863088;-0.003973;,
  0.081990;0.864034;0.001618;,
  0.083473;0.896618;0.005052;,
  0.079280;0.884855;0.007235;,
  0.083709;0.869865;0.000308;,
  0.071816;0.868869;0.004736;,
  0.068805;0.868130;-0.003629;,
  0.099597;0.917857;0.027579;,
  0.095130;0.909068;0.025082;,
  0.130832;0.697629;0.065129;,
  0.073733;0.876545;0.000775;,
  0.112409;0.698112;0.035998;,
  0.117284;0.697955;0.019187;,
  0.121585;0.711931;-0.007024;,
  0.140190;0.827546;0.094841;,
  0.071201;0.214384;-0.054768;,
  0.026041;0.226669;-0.067208;,
  0.039160;0.153030;-0.045961;,
  0.071461;0.142443;-0.037012;,
  0.065849;0.270031;-0.088900;,
  0.025815;0.278166;-0.087189;,
  0.068718;0.366828;-0.081131;,
  0.017564;0.372109;-0.079197;,
  0.066306;0.466010;-0.074031;,
  0.017288;0.461067;-0.078615;,
  0.052906;0.508350;-0.067813;,
  0.042011;0.082323;-0.029844;,
  0.075236;0.067071;-0.017028;,
  0.057835;0.157612;0.058123;,
  0.062155;0.088947;0.072192;,
  0.031922;0.083151;0.101398;,
  0.029381;0.153951;0.082061;,
  0.026265;0.217297;0.055734;,
  0.049009;0.228874;0.039621;,
  0.026073;0.274403;0.042067;,
  0.050155;0.274033;0.027328;,
  0.043215;0.360165;0.039518;,
  0.023899;0.361392;0.047556;,
  0.025313;0.430318;0.051248;,
  0.112409;0.698112;0.035998;,
  -0.017708;0.786438;0.006604;,
  -0.032673;0.771167;-0.002307;,
  0.014105;0.767896;0.001668;,
  0.025197;0.789836;0.025199;,
  -0.042765;0.756782;-0.008520;,
  -0.060797;0.718035;-0.004651;,
  -0.024735;0.716608;-0.035854;,
  0.000333;0.745317;-0.023215;,
  0.026268;0.798858;0.066620;,
  0.001953;0.777834;0.090530;,
  -0.027931;0.785346;0.083365;,
  -0.016265;0.797576;0.056151;,
  -0.061873;0.547989;0.028880;,
  -0.055508;0.557474;0.025599;,
  -0.019624;0.552443;0.043315;,
  -0.018104;0.541547;0.047991;,
  -0.056438;0.565599;-0.029951;,
  -0.067228;0.536301;-0.012403;,
  -0.032199;0.565372;-0.063843;,
  -0.056336;0.515507;-0.045333;,
  -0.028633;0.507551;-0.058743;,
  0.023005;0.550768;0.038204;,
  0.023637;0.537723;0.042736;,
  -0.031162;0.642344;0.074080;,
  -0.031150;0.685090;0.089131;,
  0.023709;0.670708;0.091817;,
  0.020084;0.635692;0.075555;,
  -0.049966;0.463389;-0.059249;,
  -0.076465;0.462274;-0.016031;,
  -0.093056;0.363623;-0.021986;,
  -0.062393;0.364222;-0.058245;,
  -0.086210;0.270598;-0.011391;,
  -0.068210;0.265694;-0.060512;,
  0.001083;0.460213;-0.047756;,
  -0.010352;0.360838;-0.044185;,
  0.000247;0.359552;0.031031;,
  0.012015;0.435366;0.038733;,
  -0.031866;0.266323;-0.027301;,
  -0.025108;0.273896;0.013320;,
  -0.078953;0.363431;0.041231;,
  -0.060925;0.441551;0.039183;,
  -0.064727;0.278470;0.021916;,
  -0.073991;0.009335;0.075747;,
  -0.069282;0.012357;0.120839;,
  -0.034426;0.012398;0.121104;,
  -0.029096;0.009146;0.072685;,
  -0.062931;0.213117;-0.019386;,
  -0.086782;0.222917;0.014529;,
  -0.081085;0.153216;0.040821;,
  -0.059366;0.144070;0.007275;,
  -0.070563;0.078987;0.068100;,
  -0.055457;0.072194;0.037701;,
  -0.016727;0.201577;-0.001043;,
  -0.024745;0.148410;0.024340;,
  -0.012646;0.169983;0.059302;,
  -0.006075;0.233552;0.043351;,
  -0.035191;0.069995;0.063385;,
  -0.034954;0.093510;0.082709;,
  -0.073032;0.171700;0.073672;,
  -0.076100;0.244457;0.057730;,
  -0.058719;0.099090;0.085082;,
  -0.072723;0.507039;-0.009185;,
  0.001083;0.460213;-0.047756;,
  -0.016028;0.494018;0.062460;,
  -0.068416;0.496969;0.044328;,
  -0.013475;0.452566;0.054838;,
  -0.061149;0.451824;0.040844;,
  -0.028866;0.596572;0.053421;,
  -0.062829;0.649831;0.058242;,
  -0.073755;0.660834;0.043978;,
  -0.062033;0.606180;0.031647;,
  -0.057580;0.622221;-0.016633;,
  -0.068120;0.678642;-0.006562;,
  -0.037204;0.625242;-0.047592;,
  -0.035564;0.682691;-0.043065;,
  -0.084418;0.751426;0.009649;,
  -0.102376;0.707651;0.027711;,
  -0.030779;0.748926;0.006147;,
  -0.108924;0.659716;0.047469;,
  -0.062265;0.646945;0.042955;,
  -0.044981;0.691341;0.022254;,
  -0.022542;0.753577;0.066334;,
  -0.044981;0.691341;0.022254;,
  -0.034226;0.707631;0.085377;,
  -0.062265;0.646945;0.042955;,
  -0.054051;0.655519;0.095401;,
  -0.029150;0.758470;0.074132;,
  -0.091647;0.724269;0.090840;,
  -0.073233;0.766793;0.072794;,
  -0.100581;0.668162;0.099969;,
  -0.086707;0.761282;0.037823;,
  -0.118253;0.643221;0.038088;,
  -0.122504;0.584672;0.026981;,
  -0.088642;0.570963;0.023400;,
  -0.063848;0.625541;0.032808;,
  -0.127640;0.535158;0.021459;,
  -0.101726;0.532592;0.020242;,
  -0.063848;0.625541;0.032808;,
  -0.088642;0.570963;0.023400;,
  -0.093083;0.565922;0.080223;,
  -0.059594;0.617901;0.095291;,
  -0.101726;0.532592;0.020242;,
  -0.107056;0.525864;0.058837;,
  -0.118974;0.576771;0.082670;,
  -0.113686;0.635542;0.100650;,
  -0.125970;0.528054;0.058506;,
  -0.102438;0.428535;-0.019420;,
  -0.111610;0.430037;0.027363;,
  -0.110008;0.451075;0.032458;,
  -0.100786;0.449976;-0.014790;,
  -0.099764;0.468421;-0.010811;,
  -0.103956;0.465131;-0.021189;,
  -0.111833;0.456843;-0.011676;,
  -0.103795;0.459858;-0.004793;,
  -0.100532;0.489660;0.046849;,
  -0.100658;0.505340;-0.000335;,
  -0.125871;0.482489;-0.007481;,
  -0.119003;0.458183;0.038858;,
  -0.138609;0.454547;0.038163;,
  -0.137134;0.498018;0.051527;,
  -0.138033;0.515459;0.002567;,
  -0.145361;0.478654;-0.006090;,
  -0.044090;0.803932;0.058194;,
  -0.045909;0.814075;0.030161;,
  -0.012488;0.799395;0.032501;,
  -0.016265;0.797576;0.056151;,
  -0.065654;0.700442;0.074127;,
  0.017279;0.801882;0.039775;,
  -0.045807;0.800600;0.005358;,
  -0.055590;0.774118;-0.000599;,
  -0.032673;0.771167;-0.002307;,
  -0.017708;0.786438;0.006604;,
  -0.054436;0.753203;0.077868;,
  -0.055295;0.758895;0.075443;,
  -0.023086;0.726825;0.093326;,
  0.031138;0.706047;0.095835;,
  0.046535;0.762965;0.084426;,
  -0.027931;0.785346;0.083365;,
  -0.055295;0.758895;0.075443;,
  -0.046931;0.744780;0.018013;,
  -0.030779;0.748926;0.006147;,
  -0.057826;0.752894;0.063678;,
  -0.060312;0.710862;0.008291;,
  -0.067415;0.706286;0.042464;,
  -0.042765;0.756782;-0.008520;,
  -0.072515;0.705864;0.058595;,
  -0.100658;0.505340;-0.000335;,
  0.029180;0.822978;0.059723;,
  0.037362;0.811725;0.078064;,
  0.061895;0.801488;0.083133;,
  0.054549;0.792118;0.071700;,
  -0.145361;0.478654;-0.006090;,
  -0.102438;0.428535;-0.019420;,
  -0.111610;0.430037;0.027363;,
  -0.117646;0.478315;-0.027137;,
  -0.102467;0.488063;-0.008548;,
  -0.102467;0.488063;-0.008548;,
  -0.112740;0.475835;-0.000691;,
  -0.133778;0.472363;-0.012984;,
  -0.133778;0.472363;-0.012984;,
  -0.103956;0.465131;-0.021189;,
  -0.099764;0.468421;-0.010811;,
  -0.111833;0.456843;-0.011676;,
  -0.080232;0.025630;-0.002403;,
  -0.085792;0.003556;-0.008125;,
  -0.049978;0.000971;-0.045546;,
  -0.048657;0.020006;-0.039613;,
  -0.030679;0.044992;0.108186;,
  -0.027725;0.033867;0.068431;,
  -0.029096;0.009146;0.072685;,
  -0.034426;0.012398;0.121104;,
  -0.034954;0.093510;0.082709;,
  -0.072219;0.047970;0.107447;,
  -0.058719;0.099090;0.085082;,
  -0.073991;0.009335;0.075747;,
  -0.075141;0.044026;0.070862;,
  -0.069282;0.012357;0.120839;,
  -0.055457;0.072194;0.037701;,
  -0.070563;0.078987;0.068100;,
  -0.021165;0.017704;-0.028974;,
  -0.015038;0.001706;-0.035118;,
  -0.015038;0.001706;-0.035118;,
  -0.085792;0.003556;-0.008125;,
  -0.010352;0.360838;-0.044185;,
  -0.031866;0.266323;-0.027301;,
  -0.016727;0.201577;-0.001043;,
  -0.024745;0.148410;0.024340;,
  -0.035191;0.069995;0.063385;,
  -0.035191;0.069995;0.063385;,
  0.024991;0.842174;0.055533;,
  0.036211;0.825963;0.041947;,
  0.036108;0.840268;0.031101;,
  0.031319;0.849042;0.036211;,
  0.040185;0.836945;0.082363;,
  0.051339;0.827382;0.101511;,
  0.112980;0.932496;0.118981;,
  0.132527;0.928286;0.116052;,
  0.070324;0.923267;0.048669;,
  0.084960;0.920562;0.038124;,
  0.086598;0.935680;0.070206;,
  0.035625;0.866983;0.046983;,
  0.033083;0.860294;0.075860;,
  0.031464;0.843487;0.068388;,
  0.048039;0.873108;0.109563;,
  0.052717;0.894389;0.098281;,
  0.054922;0.906899;0.074174;,
  0.077641;0.934772;0.090549;,
  0.070580;0.922614;0.114683;,
  0.051809;0.864349;0.123399;,
  0.064827;0.852838;0.140610;,
  0.099661;0.831909;0.138544;,
  0.092279;0.889641;0.156237;,
  0.122053;0.872285;0.155809;,
  0.043919;0.891134;0.062096;,
  0.039678;0.865916;0.028172;,
  0.054745;0.897302;0.037154;,
  0.041309;0.851511;0.000918;,
  0.099425;0.941431;0.086781;,
  0.090768;0.932558;0.119011;,
  0.098217;0.917858;0.143889;,
  0.077990;0.905517;0.144542;,
  0.115910;0.911136;0.147018;,
  0.132156;0.904806;0.145163;,
  0.081972;0.813504;0.107519;,
  0.077990;0.905517;0.144542;,
  0.098217;0.917858;0.143889;,
  0.028818;0.864822;0.078712;,
  0.043003;0.879792;0.097763;,
  0.045286;0.891693;0.114378;,
  0.031804;0.875516;0.111201;,
  0.028818;0.864822;0.078712;,
  0.031804;0.875516;0.111201;,
  0.045286;0.891693;0.114378;,
  0.052717;0.894389;0.098281;,
  0.041101;0.882558;0.079348;,
  0.033083;0.860294;0.075860;,
  0.065369;0.912183;0.049845;,
  0.041101;0.882558;0.079348;,
  0.029180;0.822978;0.059723;,
  0.017279;0.801882;0.039775;,
  -0.012488;0.799395;0.032501;,
  0.040185;0.836945;0.082363;,
  0.025713;0.491824;0.057351;,
  0.025370;0.458062;0.051296;,
  0.022350;0.442514;0.044691;,
  0.017964;0.448815;-0.016098;,
  0.115910;0.911136;0.147018;,
  0.132156;0.904806;0.145163;,
  0.055572;0.876285;0.015290;,
  0.068320;0.886978;0.015268;,
  0.072979;0.893205;0.020989;,
  0.082441;0.907855;0.039414;,
  0.018050;0.592420;0.051540;,
  -0.012488;0.799395;0.032501;,
  -0.049978;0.000971;-0.045546;,
  0.059020;0.871824;0.002805;,
  0.053028;0.871514;0.011484;,
  0.061338;0.872634;0.008291;,
  0.063504;0.878279;0.006837;,
  -0.057826;0.752894;0.063678;,
  -0.042443;0.743045;0.034490;,
  -0.046931;0.744780;0.018013;,
  -0.042765;0.756782;-0.008520;,
  0.051809;0.864349;0.123399;,
  -0.024727;0.221937;-0.055729;,
  -0.029532;0.149807;-0.027960;,
  0.002085;0.154484;-0.042794;,
  -0.000153;0.229473;-0.063065;,
  -0.031632;0.275883;-0.077763;,
  -0.001327;0.282694;-0.083747;,
  -0.013807;0.369115;-0.075878;,
  0.003606;0.370982;-0.080061;,
  -0.004235;0.457782;-0.078998;,
  0.007967;0.456854;-0.081427;,
  0.010816;0.501348;-0.075729;,
  -0.028633;0.507551;-0.058743;,
  -0.028978;0.080338;-0.007039;,
  0.003490;0.089555;-0.029240;,
  -0.001933;0.097346;0.107667;,
  -0.058705;0.099090;0.085081;,
  -0.073032;0.171700;0.073672;,
  -0.006515;0.168266;0.082674;,
  -0.076100;0.244457;0.057730;,
  -0.010333;0.234786;0.060114;,
  -0.010263;0.278422;0.044126;,
  -0.064727;0.278470;0.021916;,
  -0.078953;0.363431;0.041231;,
  0.005459;0.358934;0.047731;,
  0.025370;0.458062;0.051296;,
  -0.013475;0.452566;0.054838;,
  -0.042443;0.743045;0.034490;,
  -0.049966;0.463389;-0.059249;,
  -0.062393;0.364222;-0.058245;,
  -0.068210;0.265694;-0.060512;,
  -0.062931;0.213117;-0.019386;,
  -0.059366;0.144070;0.007275;,
  -0.055457;0.072194;0.037701;,
  0.119881;0.359185;0.005440;,
  0.066242;0.452767;0.046120;,
  0.108095;0.439787;0.015281;,
  0.093393;0.275061;-0.009722;,
  0.113911;0.233960;0.015196;,
  0.110453;0.159848;0.022447;,
  0.091211;0.087114;0.031220;,
  -0.060925;0.441551;0.039183;;
  916;
  3;0,2,1;,
  3;2,0,3;,
  3;4,6,5;,
  3;6,4,7;,
  3;8,10,9;,
  3;10,8,11;,
  3;12,14,13;,
  3;14,12,15;,
  3;16,12,17;,
  3;12,16,15;,
  3;18,20,19;,
  3;20,18,16;,
  3;5,22,21;,
  3;22,5,6;,
  3;13,24,23;,
  3;24,13,14;,
  3;25,27,26;,
  3;27,25,28;,
  3;29,31,30;,
  3;31,29,32;,
  3;31,33,30;,
  3;33,31,34;,
  3;35,37,36;,
  3;37,35,38;,
  3;38,39,37;,
  3;39,38,40;,
  3;36,42,41;,
  3;42,36,37;,
  3;37,43,42;,
  3;43,37,39;,
  3;41,31,32;,
  3;31,41,42;,
  3;42,34,31;,
  3;34,42,43;,
  3;44,46,45;,
  3;46,44,47;,
  3;48,50,49;,
  3;50,48,51;,
  3;49,53,52;,
  3;53,49,50;,
  3;54,56,55;,
  3;56,54,57;,
  3;57,58,56;,
  3;58,57,59;,
  3;55,61,60;,
  3;61,55,56;,
  3;56,62,61;,
  3;62,56,58;,
  3;60,50,51;,
  3;50,60,61;,
  3;61,53,50;,
  3;53,61,62;,
  3;32,20,63;,
  3;20,32,29;,
  3;64,66,65;,
  3;66,64,19;,
  3;13,67,12;,
  3;67,13,68;,
  3;68,69,67;,
  3;69,68,70;,
  3;70,41,69;,
  3;41,70,36;,
  3;48,34,51;,
  3;34,48,33;,
  3;51,43,60;,
  3;43,51,34;,
  3;43,55,60;,
  3;55,43,39;,
  3;39,54,55;,
  3;54,39,40;,
  3;12,63,17;,
  3;63,12,67;,
  3;67,32,63;,
  3;32,67,69;,
  3;69,41,32;,
  3;71,72,25;,
  3;73,75,74;,
  3;75,73,76;,
  3;75,77,74;,
  3;77,75,78;,
  3;79,78,80;,
  3;78,79,77;,
  3;81,83,82;,
  3;83,85,84;,
  3;85,83,86;,
  3;87,89,88;,
  3;89,90,88;,
  3;90,89,91;,
  3;92,94,93;,
  3;92,88,94;,
  3;92,87,88;,
  3;88,95,94;,
  3;95,88,90;,
  3;96,94,83;,
  3;94,86,83;,
  3;86,94,95;,
  3;97,99,98;,
  3;99,97,100;,
  3;100,101,99;,
  3;101,100,102;,
  3;103,105,104;,
  3;105,103,106;,
  3;106,107,105;,
  3;107,106,108;,
  3;104,110,109;,
  3;110,104,105;,
  3;105,111,110;,
  3;111,105,107;,
  3;109,100,97;,
  3;100,109,110;,
  3;110,102,100;,
  3;102,110,111;,
  3;112,114,113;,
  3;114,112,115;,
  3;116,118,117;,
  3;118,116,119;,
  3;120,122,121;,
  3;122,120,123;,
  3;120,125,124;,
  3;125,120,121;,
  3;126,125,127;,
  3;125,126,124;,
  3;95,97,86;,
  3;97,95,109;,
  3;86,98,85;,
  3;98,86,97;,
  3;90,103,104;,
  3;103,90,91;,
  3;104,95,90;,
  3;95,104,109;,
  3;128,96,129;,
  3;96,128,93;,
  3;129,130,128;,
  3;130,129,131;,
  3;72,28,25;,
  3;28,72,132;,
  3;9,133,8;,
  3;134,136,135;,
  3;136,134,137;,
  3;81,137,134;,
  3;138,11,139;,
  3;138,10,11;,
  3;138,140,10;,
  3;141,11,142;,
  3;11,141,139;,
  3;128,130,143;,
  3;93,144,92;,
  3;93,143,144;,
  3;93,128,143;,
  3;145,87,146;,
  3;87,145,147;,
  3;74,148,73;,
  3;148,74,149;,
  3;150,147,145;,
  3;7,149,74;,
  3;148,151,73;,
  3;102,152,101;,
  3;152,102,126;,
  3;102,124,126;,
  3;124,102,111;,
  3;111,120,124;,
  3;120,111,107;,
  3;120,108,123;,
  3;108,120,107;,
  3;8,154,153;,
  3;154,8,133;,
  3;153,155,8;,
  3;155,153,156;,
  3;121,113,114;,
  3;113,121,122;,
  3;122,112,113;,
  3;112,122,157;,
  3;158,125,159;,
  3;125,158,127;,
  3;159,121,114;,
  3;121,159,125;,
  3;126,160,152;,
  3;160,126,161;,
  3;162,122,123;,
  3;122,162,163;,
  3;122,164,157;,
  3;164,122,163;,
  3;165,126,127;,
  3;126,165,161;,
  3;161,166,160;,
  3;166,161,167;,
  3;162,117,163;,
  3;117,162,116;,
  3;163,118,164;,
  3;118,163,117;,
  3;165,167,161;,
  3;167,165,168;,
  3;169,171,170;,
  3;171,169,172;,
  3;173,175,174;,
  3;175,173,176;,
  3;177,179,178;,
  3;179,177,173;,
  3;180,179,181;,
  3;179,180,182;,
  3;183,169,170;,
  3;169,183,184;,
  3;175,186,185;,
  3;186,175,176;,
  3;45,187,44;,
  3;187,45,188;,
  3;180,169,182;,
  3;169,180,172;,
  3;19,29,66;,
  3;20,29,19;,
  3;29,30,189;,
  3;30,190,189;,
  3;190,30,33;,
  3;33,191,190;,
  3;191,33,48;,
  3;191,49,192;,
  3;49,191,48;,
  3;192,52,193;,
  3;52,192,49;,
  3;194,170,186;,
  3;170,194,183;,
  3;170,185,186;,
  3;185,170,171;,
  3;186,176,194;,
  3;194,173,177;,
  3;173,194,176;,
  3;179,174,181;,
  3;174,179,173;,
  3;178,182,184;,
  3;182,178,179;,
  3;182,169,184;,
  3;16,17,20;,
  3;17,63,20;,
  3;66,195,65;,
  3;196,198,197;,
  3;198,196,199;,
  3;200,153,154;,
  3;153,200,201;,
  3;202,204,203;,
  3;205,207,206;,
  3;196,209,208;,
  3;209,196,197;,
  3;210,208,211;,
  3;208,210,196;,
  3;212,214,213;,
  3;214,212,215;,
  3;212,213,211;,
  3;201,217,216;,
  3;217,201,200;,
  3;218,220,219;,
  3;220,218,216;,
  3;210,199,196;,
  3;214,205,206;,
  3;221,223,222;,
  3;197,198,224;,
  3;224,226,225;,
  3;226,224,198;,
  3;227,214,206;,
  3;228,229,213;,
  3;229,228,230;,
  3;219,232,231;,
  3;214,228,213;,
  3;156,201,233;,
  3;201,156,153;,
  3;233,216,218;,
  3;216,233,201;,
  3;220,216,234;,
  3;235,220,234;,
  3;236,238,237;,
  3;238,236,239;,
  3;208,240,211;,
  3;240,208,241;,
  3;211,242,212;,
  3;242,211,240;,
  3;243,239,244;,
  3;239,243,238;,
  3;244,236,245;,
  3;236,244,239;,
  3;246,221,222;,
  3;221,246,215;,
  3;221,212,247;,
  3;212,221,215;,
  3;199,248,1;,
  3;248,199,249;,
  3;133,9,250;,
  3;249,210,251;,
  3;210,249,199;,
  3;210,211,251;,
  3;252,2,253;,
  3;2,252,1;,
  3;19,254,18;,
  3;254,19,64;,
  3;23,68,13;,
  3;68,23,255;,
  3;68,256,70;,
  3;256,68,255;,
  3;256,36,70;,
  3;36,256,257;,
  3;258,1,252;,
  3;1,258,199;,
  3;257,259,36;,
  3;36,259,35;,
  3;260,203,261;,
  3;203,260,202;,
  3;262,263,222;,
  3;263,262,264;,
  3;198,258,226;,
  3;258,198,199;,
  3;265,204,227;,
  3;265,206,266;,
  3;206,265,227;,
  3;222,267,246;,
  3;267,222,263;,
  3;89,87,147;,
  3;82,83,84;,
  3;78,16,18;,
  3;16,78,75;,
  3;75,15,16;,
  3;15,75,76;,
  3;15,71,14;,
  3;71,15,76;,
  3;14,268,24;,
  3;268,14,71;,
  3;248,269,1;,
  3;1,269,0;,
  3;135,129,134;,
  3;129,135,131;,
  3;134,96,81;,
  3;96,134,129;,
  3;96,83,81;,
  3;94,96,93;,
  3;29,189,66;,
  3;205,215,246;,
  3;267,205,246;,
  3;205,267,207;,
  3;205,214,215;,
  3;187,188,270;,
  3;224,272,271;,
  3;223,221,209;,
  3;224,223,197;,
  3;271,273,262;,
  3;273,271,272;,
  3;263,275,274;,
  3;273,276,262;,
  3;277,272,278;,
  3;272,277,273;,
  3;223,271,262;,
  3;271,223,224;,
  3;223,209,197;,
  3;208,221,247;,
  3;221,208,209;,
  3;222,223,262;,
  3;266,207,279;,
  3;207,266,206;,
  3;207,280,279;,
  3;280,207,267;,
  3;280,263,274;,
  3;263,280,267;,
  3;264,262,276;,
  3;76,73,72;,
  3;138,281,140;,
  3;73,132,72;,
  3;132,73,151;,
  3;72,71,76;,
  3;272,225,278;,
  3;155,11,8;,
  3;276,277,282;,
  3;277,276,273;,
  3;275,276,282;,
  3;276,275,264;,
  3;28,141,27;,
  3;141,28,139;,
  3;139,132,138;,
  3;132,139,28;,
  3;132,281,138;,
  3;281,132,151;,
  3;281,148,283;,
  3;148,281,151;,
  3;283,149,284;,
  3;149,283,148;,
  3;7,284,149;,
  3;284,7,4;,
  3;6,79,22;,
  3;79,6,77;,
  3;77,7,74;,
  3;7,77,6;,
  3;5,3,4;,
  3;3,5,2;,
  3;285,137,82;,
  3;137,285,136;,
  3;137,81,82;,
  3;92,146,87;,
  3;146,92,144;,
  3;2,21,253;,
  3;21,2,5;,
  3;286,213,229;,
  3;251,211,286;,
  3;213,286,211;,
  3;234,216,217;,
  3;227,202,228;,
  3;202,230,228;,
  3;230,202,260;,
  3;232,220,235;,
  3;228,214,227;,
  3;26,71,25;,
  3;71,26,268;,
  3;155,142,11;,
  3;18,80,78;,
  3;80,18,254;,
  3;272,224,225;,
  3;275,263,264;,
  3;202,227,204;,
  3;232,219,220;,
  3;287,289,288;,
  3;289,287,290;,
  3;291,288,292;,
  3;288,291,287;,
  3;293,292,294;,
  3;292,293,291;,
  3;295,294,296;,
  3;294,295,293;,
  3;296,297,295;,
  3;298,290,299;,
  3;290,298,289;,
  3;300,302,301;,
  3;302,300,303;,
  3;304,300,305;,
  3;300,304,303;,
  3;306,305,307;,
  3;305,306,304;,
  3;308,306,307;,
  3;306,308,309;,
  3;308,310,309;,
  3;145,146,311;,
  3;312,314,313;,
  3;314,312,315;,
  3;316,318,317;,
  3;318,316,319;,
  3;320,322,321;,
  3;322,320,323;,
  3;324,326,325;,
  3;326,324,327;,
  3;328,324,325;,
  3;324,328,329;,
  3;330,331,328;,
  3;331,330,332;,
  3;319,22,318;,
  3;22,319,21;,
  3;327,333,326;,
  3;333,327,334;,
  3;335,337,336;,
  3;337,335,338;,
  3;339,341,340;,
  3;341,339,342;,
  3;341,344,343;,
  3;344,341,342;,
  3;345,347,346;,
  3;347,345,348;,
  3;346,350,349;,
  3;350,346,347;,
  3;348,351,347;,
  3;351,348,352;,
  3;347,353,350;,
  3;353,347,351;,
  3;352,341,351;,
  3;341,352,340;,
  3;351,343,353;,
  3;343,351,341;,
  3;354,356,355;,
  3;356,354,357;,
  3;358,360,359;,
  3;360,358,361;,
  3;361,362,360;,
  3;362,361,363;,
  3;364,366,365;,
  3;366,364,367;,
  3;365,369,368;,
  3;369,365,366;,
  3;367,370,366;,
  3;370,367,371;,
  3;366,372,369;,
  3;372,366,370;,
  3;371,360,370;,
  3;360,371,359;,
  3;370,362,372;,
  3;362,370,360;,
  3;340,331,339;,
  3;331,340,373;,
  3;64,374,332;,
  3;374,64,65;,
  3;327,376,375;,
  3;376,327,324;,
  3;375,378,377;,
