xof 0303txt 0032
template XSkinMeshHeader {
 <3cf169ce-ff7c-44ab-93c0-f78f62d172e2>
 WORD nMaxSkinWeightsPerVertex;
 WORD nMaxSkinWeightsPerFace;
 WORD nBones;
}

template VertexDuplicationIndices {
 <b8d65549-d7c9-4995-89cf-53a9a8b031e3>
 DWORD nIndices;
 DWORD nOriginalVertices;
 array DWORD indices[nIndices];
}

template SkinWeights {
 <6f0d123b-bad2-4167-a0d0-80224f25fabb>
 STRING transformNodeName;
 DWORD nWeights;
 array DWORD vertexIndices[nWeights];
 array FLOAT weights[nWeights];
 Matrix4x4 matrixOffset;
}

template AnimTicksPerSecond {
 <9e415a43-7ba6-4a73-8743-b73d47e88476>
 DWORD AnimTicksPerSecond;
}


AnimTicksPerSecond {
 4800;
}

Frame Dummy01 {
 

 FrameTransformMatrix {
  1.000000,0.000000,0.000000,0.000000,0.000000,-0.000000,-1.000000,0.000000,0.000000,1.000000,-0.000000,0.000000,0.000000,0.000000,0.000000,1.000000;;
 }

 Frame Bip01 {
  

  FrameTransformMatrix {
   0.405135,0.913580,0.035168,0.000000,0.040739,-0.056467,0.997573,0.000000,0.913349,-0.402719,-0.060095,0.000000,0.017623,-0.010313,0.508268,1.000000;;
  }

  Frame Bip01_Pelvis {
   

   FrameTransformMatrix {
    -0.000000,1.000000,-0.000001,0.000000,0.087154,0.000001,0.996195,0.000000,0.996195,0.000000,-0.087154,0.000000,0.000000,0.000000,0.000000,1.000000;;
   }

   Frame Bip01_Spine {
    

    FrameTransformMatrix {
     0.999211,-0.037787,0.012191,0.000000,0.038780,0.994676,-0.095479,0.000000,-0.008518,0.095877,0.995357,0.000000,0.051634,-0.000008,-0.000084,1.000000;;
    }

    Frame Bip01_Spine1 {
     

     FrameTransformMatrix {
      0.992625,-0.014688,-0.120337,0.000000,0.046171,0.963626,0.263237,0.000000,0.112094,-0.266851,0.957197,0.000000,0.106470,0.000023,-0.000081,1.000000;;
     }

     Frame Bip01_Neck {
      

      FrameTransformMatrix {
       0.961632,-0.151398,0.228786,0.000000,0.109881,0.976678,0.184460,0.000000,-0.251378,-0.152244,0.955841,0.000000,0.130511,0.000004,0.004626,1.000000;;
      }

      Frame Bip01_Head {
       

       FrameTransformMatrix {
        0.730599,-0.224219,-0.644943,0.000000,0.025971,0.952988,-0.301892,0.000000,0.682313,0.203812,0.702075,0.000000,0.033674,0.000000,-0.000000,1.000000;;
       }

       Frame Bip01_HeadNub {
        

        FrameTransformMatrix {
         1.000000,0.000000,-0.000000,0.000000,-0.000000,1.000000,-0.000000,0.000000,0.000000,0.000000,1.000000,0.000000,0.169824,0.000000,0.000000,1.000000;;
        }
       }
      }

      Frame Bip01_L_Clavicle {
       

       FrameTransformMatrix {
        0.062230,0.997992,-0.011795,0.000000,0.965163,-0.063184,-0.253904,0.000000,-0.254140,0.004416,-0.967158,0.000000,-0.026546,0.011850,-0.000773,1.000000;;
       }

       Frame Bip01_L_UpperArm {
        

        FrameTransformMatrix {
         0.454868,0.076932,-0.887230,0.000000,0.874115,0.152001,0.461324,0.000000,0.170351,-0.985382,0.001893,0.000000,0.087086,0.000000,0.000000,1.000000;;
        }

        Frame Bip01_L_Forearm {
         

         FrameTransformMatrix {
          0.541776,0.000000,-0.840523,0.000000,0.000000,1.000000,-0.000000,0.000000,0.840523,0.000000,0.541776,0.000000,0.137062,0.000000,0.000000,1.000000;;
         }

         Frame Bip01_L_Hand {
          

          FrameTransformMatrix {
           0.809908,0.492894,-0.317970,0.000000,-0.057323,0.606012,0.793388,0.000000,0.583750,-0.624344,0.519068,0.000000,0.137062,0.000000,0.000000,1.000000;;
          }

          Frame Bip01_L_Finger0 {
           

           FrameTransformMatrix {
            0.046148,-0.447958,0.892864,0.000000,0.975512,0.212632,0.056259,0.000000,-0.215053,0.868402,0.446801,0.000000,0.057681,-0.023605,-0.000272,1.000000;;
           }

           Frame Bip01_L_Finger0Nub {
            

            FrameTransformMatrix {
             1.000000,0.000000,-0.000000,0.000000,0.000000,1.000000,0.000000,0.000000,-0.000000,0.000000,1.000000,0.000000,0.029435,0.000000,-0.000000,1.000000;;
            }
           }
          }

          Frame Bip01_L_Finger1 {
           

           FrameTransformMatrix {
            0.194726,-0.000781,0.980857,0.000000,0.000000,1.000000,0.000796,0.000000,-0.980857,-0.000155,0.194725,0.000000,0.084102,-0.000000,0.000000,1.000000;;
           }

           Frame Bip01_L_Finger1Nub {
            

            FrameTransformMatrix {
             1.000000,-0.000000,0.000000,0.000000,-0.000000,1.000000,-0.000000,0.000000,-0.000000,-0.000000,1.000000,0.000000,0.047988,-0.000000,-0.000000,1.000000;;
            }
           }
          }
         }
        }
       }
      }

      Frame Bip01_R_Clavicle {
       

       FrameTransformMatrix {
        0.420915,-0.873753,0.243692,0.000000,-0.884828,-0.336321,0.322440,0.000000,-0.199774,-0.351345,-0.914684,0.000000,-0.021788,-0.018846,0.004012,1.000000;;
       }

       Frame Bip01_R_UpperArm {
        

        FrameTransformMatrix {
         0.688188,-0.194864,-0.698874,0.000000,-0.575948,0.439071,-0.689565,0.000000,0.441227,0.877066,0.189932,0.000000,0.087086,0.000000,0.000000,1.000000;;
        }

        Frame Bip01_R_Forearm {
         

         FrameTransformMatrix {
          0.777410,0.000000,-0.628995,0.000000,0.000000,1.000000,0.000000,0.000000,0.628995,0.000000,0.777410,0.000000,0.137062,0.000000,-0.000000,1.000000;;
         }

         Frame Bip01_R_Hand {
          

          FrameTransformMatrix {
           0.682419,-0.620930,-0.385680,0.000000,0.018593,0.542209,-0.840038,0.000000,0.730724,0.566087,0.381559,0.000000,0.137062,0.000000,-0.000000,1.000000;;
          }

          Frame Bip01_R_Finger0 {
           

           FrameTransformMatrix {
            0.046148,0.447958,0.892863,0.000000,-0.975512,0.212632,-0.056259,0.000000,-0.215053,-0.868402,0.446801,0.000000,0.057681,0.023605,-0.000272,1.000000;;
           }

           Frame Bip01_R_Finger0Nub {
            

            FrameTransformMatrix {
             -1.000000,-0.000000,-0.000000,0.000000,-0.000000,1.000001,0.000000,0.000000,-0.000000,0.000000,-1.000000,0.000000,0.029435,0.000000,-0.000000,1.000000;;
            }
           }
          }

          Frame Bip01_R_Finger1 {
           

           FrameTransformMatrix {
            0.194725,0.000781,0.980857,0.000000,0.000000,1.000000,-0.000796,0.000000,-0.980858,0.000155,0.194725,0.000000,0.084102,0.000000,0.000000,1.000000;;
           }

           Frame Bip01_R_Finger1Nub {
            

            FrameTransformMatrix {
             -1.000000,-0.000000,0.000000,0.000000,0.000000,1.000000,0.000000,0.000000,-0.000000,0.000000,-1.000000,0.000000,0.047988,0.000000,0.000000,1.000000;;
            }
           }
          }
         }
        }
       }
      }
     }

     Frame Bip01_BackPack {
      

      FrameTransformMatrix {
       0.035097,-0.075887,-0.996499,0.000000,0.053820,0.995809,-0.073939,0.000000,0.997934,-0.051036,0.039035,0.000000,0.051182,0.000002,-0.091273,1.000000;;
      }

      Frame Bip01_BackPackNub {
       

       FrameTransformMatrix {
        0.000796,0.000003,1.000000,0.000000,-0.000000,-1.000000,0.000003,0.000000,1.000000,-0.000000,-0.000796,0.000000,0.053240,0.000000,0.000000,1.000000;;
       }
      }
     }
    }

    Frame Bip01_L_Thigh {
     

     FrameTransformMatrix {
      -0.985291,0.149730,0.082357,0.000000,-0.157316,-0.982970,-0.094979,0.000000,0.066733,-0.106538,0.992067,0.000000,-0.053680,0.052929,0.005819,1.000000;;
     }

     Frame Bip01_L_Calf {
      

      FrameTransformMatrix {
       0.934005,0.000000,-0.357260,0.000000,0.000000,1.000000,-0.000000,0.000000,0.357260,0.000000,0.934005,0.000000,0.237500,-0.000000,0.000000,1.000000;;
      }

      Frame Bip01_L_Foot {
       

       FrameTransformMatrix {
        0.957808,0.141507,0.250159,0.000000,-0.189286,0.965551,0.178557,0.000000,-0.216274,-0.218375,0.951598,0.000000,0.206841,0.000000,-0.000000,1.000000;;
       }

       Frame Bip01_L_Toe0 {
        

        FrameTransformMatrix {
         -0.000002,0.000001,1.000000,0.000000,0.000000,1.000000,-0.000001,0.000000,-1.000000,0.000000,-0.000002,0.000000,0.065373,0.000000,0.066450,1.000000;;
        }

        Frame Bip01_L_Toe0Nub {
         

         FrameTransformMatrix {
          -1.000000,0.000000,-0.000000,0.000000,-0.000000,1.000000,-0.000000,0.000000,0.000000,0.000000,-1.000000,0.000000,0.006735,-0.000000,-0.000000,1.000000;;
         }
        }
       }
      }
     }
    }

    Frame Bip01_R_Thigh {
     

     FrameTransformMatrix {
      -0.993770,-0.047163,0.100981,0.000000,0.039269,-0.996118,-0.078788,0.000000,0.104305,-0.074331,0.991764,0.000000,-0.049506,-0.056934,-0.004770,1.000000;;
     }

     Frame Bip01_R_Calf {
      

      FrameTransformMatrix {
       0.951122,0.000000,-0.308814,0.000000,0.000000,1.000000,0.000000,0.000000,0.308814,-0.000000,0.951122,0.000000,0.237500,0.000000,0.000000,1.000000;;
      }

      Frame Bip01_R_Foot {
       

       FrameTransformMatrix {
        0.991912,-0.058604,0.112583,0.000000,-0.042952,0.679696,0.732236,0.000000,-0.119434,-0.731149,0.671681,0.000000,0.206841,0.000000,0.000000,1.000000;;
       }

       Frame Bip01_R_Toe0 {
        

        FrameTransformMatrix {
         -0.087157,0.000000,0.996195,0.000000,0.000000,1.000000,0.000000,0.000000,-0.996195,0.000000,-0.087157,0.000000,0.065373,0.000000,0.066450,1.000000;;
        }

        Frame Bip01_R_Toe0Nub {
         

         FrameTransformMatrix {
          1.000000,-0.000000,0.000000,0.000000,0.000000,1.000000,0.000000,0.000000,-0.000000,0.000000,1.000000,0.000000,0.006735,-0.000000,0.000000,1.000000;;
         }
        }
       }
      }
     }
    }
   }

   Frame Bip01_DressFront {
    

    FrameTransformMatrix {
     -0.985314,0.124126,0.117256,0.000000,0.119367,0.991746,-0.046807,0.000000,-0.122098,-0.032123,-0.991998,0.000000,-0.043984,0.001404,0.061086,1.000000;;
    }

    Frame Bip01_DressFront02 {
     

     FrameTransformMatrix {
      0.946511,0.081243,0.312276,0.000000,-0.077173,0.996694,-0.025393,0.000000,-0.313307,-0.000065,0.949652,0.000000,0.183366,0.000000,-0.000125,1.000000;;
     }

     Frame Bip01_DressFrontNub {
      

      FrameTransformMatrix {
       0.000796,0.000003,1.000000,0.000000,0.000000,-1.000000,0.000003,0.000000,1.000000,0.000000,-0.000796,0.000000,0.165302,0.000000,0.000000,1.000000;;
      }
     }
    }
   }

   Frame Bip01_DressBack {
    

    FrameTransformMatrix {
     -0.987588,0.091182,0.127893,0.000000,0.080836,0.993191,-0.083883,0.000000,-0.134671,-0.072504,-0.988234,0.000000,-0.047714,0.000010,-0.078281,1.000000;;
    }

    Frame Bip01_DressBack02 {
     

     FrameTransformMatrix {
      0.961427,0.000001,0.275061,0.000000,-0.000001,1.000000,-0.000000,0.000000,-0.275061,-0.000000,0.961427,0.000000,0.176189,0.000000,-0.000105,1.000000;;
     }

     Frame Bip01_DressBackNub {
      

      FrameTransformMatrix {
       0.000796,0.000003,1.000000,0.000000,0.000000,-1.000000,0.000003,0.000000,1.000000,-0.000000,-0.000796,0.000000,0.136508,0.000000,0.000000,1.000000;;
      }
     }
    }
   }
  }

  Frame Bip01_Prop1 {
   

   FrameTransformMatrix {
    0.422404,-0.045727,-0.905253,0.000000,0.725946,-0.580963,0.368083,0.000000,-0.542750,-0.812645,-0.212206,0.000000,0.135043,0.442460,-0.229885,1.000000;;
   }
  }

  Frame Bip01_Prop2 {
   

   FrameTransformMatrix {
    -0.163643,-0.967062,0.194966,0.000000,0.985575,-0.168906,-0.010564,0.000000,0.043147,0.190425,0.980753,0.000000,0.203411,0.447806,0.038422,1.000000;;
   }
  }
 }
}

Frame Translation_Data {
 

 FrameTransformMatrix {
  -0.000000,0.000000,-1.000000,0.000000,-1.000000,-0.000000,0.000000,0.000000,-0.000000,1.000000,0.000000,0.000000,0.000000,-0.000000,0.000000,1.000000;;
 }
}

Frame Body {
 

 FrameTransformMatrix {
  1.000000,0.000000,0.000000,0.000000,0.000000,1.000000,0.000000,0.000000,0.000000,0.000000,1.000000,0.000000,0.000000,0.000000,0.000000,1.000000;;
 }

 Mesh Body {
  1461;
  0.081586;0.791461;0.010212;,
  0.043223;0.797674;0.026017;,
  0.052669;0.771928;0.005978;,
  0.096656;0.772520;0.005032;,
  0.104857;0.749545;0.008838;,
  0.064694;0.744914;-0.015099;,
  0.083226;0.711686;-0.021921;,
  0.112120;0.709859;0.016200;,
  0.037658;0.810661;0.066079;,
  0.077377;0.800113;0.060185;,
  0.084324;0.784438;0.090746;,
  0.051602;0.785859;0.095129;,
  0.085868;0.551221;0.076503;,
  0.038731;0.547893;0.085961;,
  0.040623;0.560957;0.081741;,
  0.079850;0.562759;0.072593;,
  0.094052;0.566302;0.018394;,
  0.099165;0.537516;0.037710;,
  0.078294;0.564522;-0.020113;,
  0.069649;0.508861;-0.014933;,
  0.093850;0.516437;0.003662;,
  0.024618;0.745910;-0.023949;,
  0.032480;0.710711;-0.040943;,
  -0.001091;0.546028;0.071988;,
  0.000318;0.560977;0.066953;,
  0.051476;0.654778;0.093506;,
  0.000898;0.655013;0.082561;,
  0.002806;0.689343;0.095045;,
  0.058902;0.693113;0.103356;,
  0.088407;0.468094;-0.013583;,
  0.108283;0.371193;-0.016613;,
  0.135315;0.370956;0.022434;,
  0.109601;0.466707;0.032512;,
  0.121693;0.274589;-0.022723;,
  0.134595;0.277243;0.028299;,
  0.036957;0.461727;-0.008266;,
  0.009782;0.436965;0.070997;,
  0.037976;0.357517;0.065762;,
  0.055552;0.363376;-0.007913;,
  0.071376;0.274009;0.047279;,
  0.082487;0.269968;0.006934;,
  0.087123;0.443622;0.085506;,
  0.115318;0.366546;0.083883;,
  0.109520;0.280989;0.059959;,
  0.125727;0.006965;0.097825;,
  0.089255;0.006945;0.071466;,
  0.068101;0.007521;0.115461;,
  0.097819;0.007494;0.133679;,
  0.117538;0.219079;0.012801;,
  0.118131;0.147612;0.032374;,
  0.135925;0.155070;0.068545;,
  0.137352;0.227328;0.049603;,
  0.121960;0.072666;0.055918;,
  0.128533;0.077452;0.089614;,
  0.071199;0.201872;0.025493;,
  0.053819;0.228124;0.071488;,
  0.064882;0.164036;0.081928;,
  0.081913;0.147251;0.046398;,
  0.089137;0.088692;0.095888;,
  0.097563;0.068215;0.069661;,
  0.121018;0.243356;0.093429;,
  0.123377;0.169350;0.102076;,
  0.111105;0.095298;0.104487;,
  0.102083;0.508171;0.042927;,
  0.034413;0.504003;-0.039793;,
  0.028470;0.469025;-0.028505;,
  0.036957;0.461727;-0.008266;,
  0.085901;0.500637;0.094551;,
  0.030776;0.501199;0.101096;,
  0.082817;0.454492;0.088932;,
  0.032025;0.456355;0.094756;,
  0.047034;0.609307;0.082376;,
  0.086647;0.655718;0.085543;,
  0.102159;0.663055;0.073356;,
  0.111078;0.673781;0.021295;,
  0.095297;0.620327;0.019870;,
  0.085501;0.612232;0.069331;,
  0.088739;0.676465;-0.022574;,
  0.083814;0.619859;-0.015593;,
  0.042367;0.676429;-0.043328;,
  0.039813;0.616209;-0.036913;,
  0.131680;0.834476;0.024825;,
  0.083398;0.816251;0.009583;,
  0.158126;0.848811;-0.015919;,
  0.106234;0.837154;-0.043510;,
  0.133161;0.844838;-0.082807;,
  0.175550;0.855078;-0.061441;,
  0.105557;0.763963;-0.012483;,
  0.127122;0.775987;-0.057212;,
  0.106234;0.837154;-0.043510;,
  0.152915;0.804006;-0.105471;,
  0.133161;0.844838;-0.082807;,
  0.114916;0.758305;-0.009512;,
  0.152247;0.773556;0.010189;,
  0.179025;0.787494;-0.029330;,
  0.195234;0.814273;-0.084330;,
  0.147057;0.808865;0.022886;,
  0.174062;0.872800;-0.058784;,
  0.123764;0.862452;-0.084540;,
  0.130160;0.918611;-0.106613;,
  0.162061;0.922936;-0.088978;,
  0.132905;0.956200;-0.131400;,
  0.154510;0.963717;-0.116939;,
  0.123764;0.862452;-0.084540;,
  0.153560;0.834563;-0.132822;,
  0.164297;0.896290;-0.146743;,
  0.130160;0.918611;-0.106613;,
  0.161980;0.945455;-0.153778;,
  0.132905;0.956200;-0.131400;,
  0.203583;0.844772;-0.107159;,
  0.188588;0.899475;-0.132818;,
  0.173472;0.950154;-0.146113;,
  0.136250;1.065193;-0.147038;,
  0.132650;1.043753;-0.143689;,
  0.176351;1.024745;-0.150588;,
  0.179406;1.046007;-0.153710;,
  0.116873;1.017322;-0.138401;,
  0.119312;1.028222;-0.139432;,
  0.116612;1.031331;-0.129228;,
  0.109603;1.018213;-0.129320;,
  0.169740;0.988440;-0.160940;,
  0.182353;1.020189;-0.145814;,
  0.137514;1.016422;-0.118236;,
  0.124649;0.993017;-0.140498;,
  0.185508;0.978344;-0.128063;,
  0.191150;1.023496;-0.128214;,
  0.138597;0.982009;-0.105972;,
  0.148075;1.019077;-0.101566;,
  0.103231;0.817461;0.058097;,
  0.105722;0.825549;0.029587;,
  0.077377;0.800113;0.060185;,
  0.074460;0.807803;0.033795;,
  0.098035;0.700239;0.095178;,
  0.051255;0.809191;0.040908;,
  0.105622;0.811383;0.008984;,
  0.081586;0.791461;0.010212;,
  0.096656;0.772520;0.005032;,
  0.111117;0.798329;0.015326;,
  0.104847;0.744106;0.086387;,
  0.062967;0.730885;0.104368;,
  0.107771;0.749318;0.082931;,
  0.005742;0.723221;0.097675;,
  0.006462;0.781060;0.081520;,
  0.084324;0.784438;0.090746;,
  0.107771;0.749318;0.082931;,
  0.103624;0.740963;0.032310;,
  0.111298;0.746774;0.072405;,
  0.083398;0.816251;0.009583;,
  0.107006;0.702214;0.064330;,
  0.107696;0.704299;0.029197;,
  0.104857;0.749545;0.008838;,
  0.108713;0.702621;0.081170;,
  0.124649;0.993017;-0.140498;,
  0.030477;0.830532;0.062847;,
  0.040507;0.837245;0.044080;,
  0.008244;0.810737;0.066473;,
  0.004608;0.824837;0.067878;,
  0.148075;1.019077;-0.101566;,
  0.136250;1.065193;-0.147038;,
  0.179406;1.046007;-0.153710;,
  0.128970;1.001693;-0.135638;,
  0.117819;1.009289;-0.113526;,
  0.128970;1.001693;-0.135638;,
  0.134059;1.018548;-0.133023;,
  0.133315;1.024688;-0.109201;,
  0.133315;1.024688;-0.109201;,
  0.116873;1.017322;-0.138401;,
  0.109603;1.018213;-0.129320;,
  0.116612;1.031331;-0.129228;,
  0.171836;0.027548;0.035678;,
  0.164867;0.023987;-0.012818;,
  0.169679;0.005308;-0.018037;,
  0.180222;0.005823;0.032739;,
  0.070796;0.040778;0.104060;,
  0.068101;0.007521;0.115461;,
  0.089255;0.006945;0.071466;,
  0.089617;0.031864;0.068294;,
  0.089137;0.088692;0.095888;,
  0.111105;0.095298;0.104487;,
  0.106347;0.043792;0.125554;,
  0.125727;0.006965;0.097825;,
  0.097819;0.007494;0.133679;,
  0.128271;0.041873;0.095919;,
  0.121960;0.072666;0.055918;,
  0.128533;0.077452;0.089614;,
  0.134500;0.005466;-0.027656;,
  0.135985;0.021101;-0.018461;,
  0.180222;0.005823;0.032739;,
  0.134500;0.005466;-0.027656;,
  0.055552;0.363376;-0.007913;,
  0.082487;0.269968;0.006934;,
  0.071199;0.201872;0.025493;,
  0.081913;0.147251;0.046398;,
  0.097563;0.068215;0.069661;,
  0.097563;0.068215;0.069661;,
  0.011609;0.454512;0.018494;,
  0.048054;0.851834;0.041335;,
  0.042539;0.860676;0.022575;,
  0.036460;0.853003;0.017078;,
  0.034321;0.838202;0.026243;,
  0.032612;0.847268;0.068144;,
  0.020439;0.838293;0.086955;,
  -0.025056;0.949973;0.111688;,
  -0.045044;0.948806;0.108945;,
  -0.038934;0.958791;0.081485;,
  0.014887;0.938878;0.040064;,
  0.000869;0.952207;0.062617;,
  -0.000123;0.938941;0.029699;,
  0.042943;0.869692;0.062827;,
  0.041024;0.878380;0.034438;,
  0.042008;0.853301;0.054380;,
  0.030447;0.882506;0.097518;,
  0.028761;0.904871;0.087566;,
  0.015400;0.934353;0.105925;,
  0.009865;0.948813;0.082678;,
  0.028081;0.918976;0.064262;,
  0.011300;0.863063;0.127717;,
  0.025626;0.873578;0.110911;,
  -0.026228;0.847534;0.125214;,
  -0.042294;0.889621;0.145222;,
  -0.010312;0.902447;0.145996;,
  0.036521;0.902534;0.051074;,
  0.026380;0.911667;0.026762;,
  0.036612;0.879026;0.015689;,
  0.032553;0.866647;-0.012298;,
  0.016211;0.866332;-0.026904;,
  0.015577;0.850581;-0.012816;,
  -0.010770;0.958754;0.079764;,
  -0.003072;0.946830;0.111243;,
  0.005976;0.916763;0.134916;,
  -0.012252;0.931908;0.135401;,
  -0.047706;0.923832;0.136661;,
  -0.030690;0.927633;0.138522;,
  -0.011804;0.828644;0.092821;,
  0.005976;0.916763;0.134916;,
  -0.012252;0.931908;0.135401;,
  0.036245;0.889082;0.086010;,
  0.046191;0.872989;0.065327;,
  0.041584;0.881202;0.097309;,
  0.032431;0.899359;0.102242;,
  0.041584;0.881202;0.097309;,
  0.046191;0.872989;0.065327;,
  0.032431;0.899359;0.102242;,
  0.028761;0.904871;0.087566;,
  0.038289;0.892633;0.067746;,
  0.042943;0.869692;0.062827;,
  0.018196;0.927145;0.040502;,
  0.038289;0.892633;0.067746;,
  0.051255;0.809191;0.040908;,
  0.040507;0.837245;0.044080;,
  0.074460;0.807803;0.033795;,
  0.032612;0.847268;0.068144;,
  0.018904;0.789702;0.001405;,
  0.021436;0.768101;-0.008705;,
  0.038713;0.564630;-0.038427;,
  -0.008979;0.500968;0.087215;,
  -0.009386;0.467006;0.082412;,
  -0.007799;0.447813;0.075927;,
  0.012105;0.828615;-0.001779;,
  0.011609;0.454512;0.018494;,
  -0.030690;0.927633;0.138522;,
  -0.047706;0.923832;0.136661;,
  0.022226;0.892323;0.003761;,
  0.007535;0.911208;0.010786;,
  0.011166;0.904725;0.004620;,
  -0.034803;0.960630;0.066669;,
  -0.026221;0.954463;0.043522;,
  0.000542;0.925950;0.030212;,
  0.001956;0.608983;0.068375;,
  0.074460;0.807803;0.033795;,
  0.169679;0.005308;-0.018037;,
  0.024001;0.887469;-0.000364;,
  0.018005;0.889155;-0.008880;,
  0.015900;0.889963;-0.003309;,
  -0.002559;0.917036;-0.004703;,
  -0.000090;0.904684;-0.003283;,
  0.014558;0.895938;-0.004393;,
  0.004941;0.887966;-0.006846;,
  0.007704;0.887299;-0.015302;,
  -0.015133;0.939005;0.019334;,
  -0.012023;0.929828;0.016248;,
  0.111298;0.746774;0.072405;,
  0.004108;0.896059;-0.010322;,
  0.096443;0.738911;0.047460;,
  0.103624;0.740963;0.032310;,
  0.104857;0.749545;0.008838;,
  0.025626;0.873578;0.110911;,
  0.117538;0.219079;0.012801;,
  0.080760;0.227997;-0.030154;,
  0.093177;0.155010;-0.005985;,
  0.118131;0.147612;0.032374;,
  0.121693;0.274589;-0.022723;,
  0.082683;0.280613;-0.046478;,
  0.108283;0.371193;-0.016613;,
  0.058415;0.372164;-0.041559;,
  0.088407;0.468094;-0.013583;,
  0.045243;0.460102;-0.039574;,
  0.069649;0.508861;-0.014933;,
  0.098417;0.084074;0.008950;,
  0.121960;0.072666;0.055918;,
  0.057997;0.160411;0.107217;,
  0.062983;0.092436;0.124278;,
  -0.003607;0.083496;0.097716;,
  -0.001153;0.156107;0.086424;,
  0.004809;0.221764;0.067989;,
  0.053223;0.229810;0.086014;,
  0.005775;0.282286;0.060238;,
  0.054693;0.273643;0.073340;,
  0.032145;0.356718;0.079517;,
  -0.001610;0.366552;0.072196;,
  -0.010140;0.439293;0.082070;,
  0.096443;0.738911;0.047460;,
  -0.042700;0.789846;-0.008804;,
  -0.054984;0.770122;-0.018521;,
  -0.013005;0.769788;-0.004613;,
  -0.012166;0.795567;0.017463;,
  -0.061305;0.743683;-0.018697;,
  -0.063738;0.706176;-0.022747;,
  -0.021549;0.709491;-0.045125;,
  -0.016062;0.742282;-0.028123;,
  -0.019639;0.808326;0.057427;,
  -0.040877;0.782845;0.080214;,
  -0.070667;0.780253;0.066255;,
  -0.053401;0.798257;0.040578;,
  -0.071692;0.560690;0.022900;,
  -0.063840;0.570381;0.020571;,
  -0.039910;0.565229;0.052585;,
  -0.040714;0.552667;0.058933;,
  -0.039700;0.573397;-0.030030;,
  -0.060044;0.547084;-0.016455;,
  -0.003224;0.568846;-0.049627;,
  -0.037649;0.524175;-0.041056;,
  -0.007899;0.513522;-0.041315;,
  0.000318;0.560977;0.066953;,
  -0.001091;0.546028;0.071988;,
  -0.047306;0.654231;0.063758;,
  -0.051659;0.690797;0.078870;,
  0.002806;0.689343;0.095045;,
  0.000898;0.655013;0.082561;,
  -0.021364;0.475638;-0.052055;,
  -0.066459;0.471729;-0.029401;,
  -0.069964;0.373922;-0.054031;,
  -0.024566;0.378239;-0.067294;,
  -0.064908;0.280226;-0.049615;,
  -0.022596;0.282488;-0.081142;,
  0.017451;0.472456;-0.015228;,
  0.011451;0.373280;-0.027350;,
  -0.020679;0.364108;0.040877;,
  -0.013030;0.442254;0.062297;,
  -0.010550;0.277658;-0.033388;,
  -0.027739;0.279012;0.005103;,
  -0.092674;0.367086;0.006242;,
  -0.081802;0.447999;0.025664;,
  -0.065825;0.282786;-0.009027;,
  -0.079457;0.006312;-0.018857;,
  -0.119049;0.008553;0.003325;,
  -0.105446;0.010327;0.035370;,
  -0.058806;0.008430;0.021069;,
  -0.035945;0.224883;-0.053837;,
  -0.075210;0.228154;-0.037633;,
  -0.078438;0.154411;-0.026079;,
  -0.041210;0.151762;-0.043039;,
  -0.076037;0.075844;-0.014915;,
  -0.045689;0.073762;-0.025784;,
  -0.006402;0.208571;-0.015554;,
  -0.022071;0.151563;-0.009241;,
  -0.033034;0.165159;0.029862;,
  -0.024666;0.230447;0.032349;,
  -0.055161;0.069093;0.009537;,
  -0.063209;0.088414;0.019477;,
  -0.091338;0.165529;0.008499;,
  -0.091845;0.240065;0.007376;,
  -0.081052;0.093390;0.006028;,
  -0.068662;0.518432;-0.015162;,
  0.017451;0.472456;-0.015228;,
  -0.048669;0.505973;0.074068;,
  -0.088120;0.511095;0.035347;,
  -0.047740;0.461115;0.067055;,
  -0.083339;0.461076;0.031156;,
  -0.041740;0.610318;0.050574;,
  -0.072235;0.654839;0.037697;,
  -0.078518;0.662055;0.018946;,
  -0.063085;0.613923;0.016100;,
  -0.039045;0.621857;-0.028258;,
  -0.057314;0.672849;-0.029415;,
  -0.007641;0.620900;-0.048357;,
  -0.014487;0.675894;-0.053660;,
  -0.086778;0.837669;-0.000446;,
  -0.112160;0.861411;-0.037283;,
  -0.046861;0.808581;-0.021802;,
  -0.130830;0.878688;-0.082058;,
  -0.095007;0.859812;-0.108901;,
  -0.068196;0.838605;-0.071001;,
  -0.084266;0.765723;-0.043617;,
  -0.068196;0.838605;-0.071001;,
  -0.105973;0.786253;-0.085061;,
  -0.095007;0.859812;-0.108901;,
  -0.127177;0.820891;-0.126005;,
  -0.094474;0.762518;-0.039881;,
  -0.149961;0.808896;-0.051059;,
  -0.124270;0.785539;-0.015457;,
  -0.162951;0.839738;-0.099354;,
  -0.108588;0.817210;-0.001821;,
  -0.129101;0.898326;-0.086847;,
  -0.120433;0.940865;-0.127893;,
  -0.093884;0.929847;-0.150723;,
  -0.087050;0.877848;-0.120204;,
  -0.116351;0.975053;-0.164094;,
  -0.098903;0.963803;-0.180707;,
  -0.087050;0.877848;-0.120204;,
  -0.093884;0.929847;-0.150723;,
  -0.137987;0.905338;-0.177709;,
  -0.129209;0.846377;-0.155107;,
  -0.098903;0.963803;-0.180707;,
  -0.132969;0.952708;-0.195189;,
  -0.158097;0.913704;-0.159829;,
  -0.171086;0.866646;-0.121923;,
  -0.142474;0.959164;-0.185644;,
  -0.099499;1.072793;-0.194967;,
  -0.144024;1.055693;-0.195328;,
  -0.141556;1.034282;-0.192753;,
  -0.096467;1.051176;-0.192248;,
  -0.081354;1.023993;-0.189403;,
  -0.072806;1.024454;-0.181478;,
  -0.079099;1.037882;-0.180322;,
  -0.083400;1.035004;-0.190032;,
  -0.138247;0.997816;-0.204075;,
  -0.090493;1.000095;-0.190419;,
  -0.098858;1.023847;-0.166444;,
  -0.147007;1.029962;-0.187169;,
  -0.152980;1.033495;-0.168463;,
  -0.149516;0.988131;-0.169280;,
  -0.099768;0.989399;-0.154263;,
  -0.106740;1.026820;-0.148402;,
  -0.077136;0.816888;0.031779;,
  -0.071196;0.825364;0.003912;,
  -0.043012;0.806374;0.016146;,
  -0.053401;0.798257;0.040578;,
  -0.083938;0.696428;0.054876;,
  -0.025156;0.805935;0.029550;,
  -0.064282;0.811383;-0.015787;,
  -0.069000;0.796439;-0.013609;,
  -0.054984;0.770122;-0.018521;,
  -0.042700;0.789846;-0.008804;,
  -0.088598;0.738449;0.054956;,
  -0.090825;0.743743;0.050861;,
  -0.051056;0.727169;0.085979;,
  0.005742;0.723221;0.097675;,
  0.006462;0.781060;0.081520;,
  -0.070667;0.780253;0.066255;,
  -0.090825;0.743743;0.050861;,
  -0.068095;0.736128;0.004312;,
  -0.046861;0.808581;-0.021802;,
  -0.090202;0.741506;0.039813;,
  -0.064992;0.700682;-0.009048;,
  -0.079117;0.698316;0.023110;,
  -0.061305;0.743683;-0.018697;,
  -0.087791;0.698505;0.037650;,
  -0.090493;1.000095;-0.190419;,
  -0.027215;0.823848;0.035367;,
  -0.019623;0.820622;0.056401;,
  0.004608;0.824837;0.067878;,
  0.008244;0.810737;0.066473;,
  -0.106740;1.026820;-0.148402;,
  -0.099499;1.072793;-0.194967;,
  -0.144024;1.055693;-0.195328;,
  -0.079045;1.015763;-0.164681;,
  -0.093645;1.008914;-0.184953;,
  -0.093645;1.008914;-0.184953;,
  -0.097497;1.025959;-0.181570;,
  -0.093001;1.031819;-0.158092;,
  -0.093001;1.031819;-0.158092;,
  -0.072806;1.024454;-0.181478;,
  -0.081354;1.023993;-0.189403;,
  -0.079099;1.037882;-0.180322;,
  -0.010945;0.024023;-0.056333;,
  -0.007016;0.001833;-0.062897;,
  0.041624;0.001877;-0.044903;,
  0.035939;0.020817;-0.042027;,
  -0.093432;0.043348;0.032452;,
  -0.055361;0.033279;0.019720;,
  -0.058806;0.008430;0.021069;,
  -0.105446;0.010327;0.035370;,
  -0.063209;0.088414;0.019477;,
  -0.109377;0.044267;-0.006017;,
  -0.081052;0.093390;0.006028;,
  -0.079457;0.006312;-0.018857;,
  -0.076837;0.041003;-0.023136;,
  -0.119049;0.008553;0.003325;,
  -0.045689;0.073762;-0.025784;,
  -0.076037;0.075844;-0.014915;,
  0.037201;0.019651;-0.012508;,
  0.045914;0.004119;-0.008755;,
  0.045914;0.004119;-0.008755;,
  -0.007016;0.001833;-0.062897;,
  0.011451;0.373280;-0.027350;,
  -0.010550;0.277658;-0.033388;,
  -0.006402;0.208571;-0.015554;,
  -0.022071;0.151563;-0.009241;,
  -0.055161;0.069093;0.009537;,
  -0.055161;0.069093;0.009537;,
  -0.037932;0.831602;0.014846;,
  -0.018138;0.827825;0.019494;,
  -0.016853;0.840459;0.000655;,
  -0.027427;0.844213;0.001021;,
  -0.039017;0.830414;0.046078;,
  -0.036428;0.824912;0.069436;,
  -0.061757;0.941337;0.100382;,
  -0.045044;0.948806;0.108945;,
  -0.048361;0.923996;0.020580;,
  -0.031746;0.931501;0.019957;,
  -0.055539;0.938935;0.045240;,
  -0.039905;0.859338;0.009508;,
  -0.052975;0.847123;0.033279;,
  -0.041054;0.833757;0.028792;,
  -0.067567;0.859445;0.067324;,
  -0.070141;0.881600;0.057098;,
  -0.062927;0.897563;0.036227;,
  -0.071541;0.929658;0.057600;,
  -0.082166;0.911396;0.075869;,
  -0.067527;0.851660;0.082215;,
  -0.061644;0.845900;0.105246;,
  -0.026228;0.847534;0.125214;,
  -0.071582;0.888031;0.127122;,
  -0.042294;0.889621;0.145222;,
  -0.055371;0.880913;0.022766;,
  -0.026867;0.864089;-0.003867;,
  -0.038593;0.896379;0.006746;,
  -0.003814;0.858091;-0.023501;,
  -0.058803;0.947452;0.064967;,
  -0.076473;0.929560;0.088632;,
  -0.076526;0.916785;0.115600;,
  -0.083536;0.895701;0.107341;,
  -0.062828;0.920071;0.128622;,
  -0.047706;0.923832;0.136661;,
  -0.011804;0.828644;0.092821;,
  -0.083536;0.895701;0.107341;,
  -0.076526;0.916785;0.115600;,
  -0.074991;0.853773;0.061398;,
  -0.057972;0.848480;0.033238;,
  -0.068377;0.864465;0.053781;,
  -0.078287;0.873308;0.068135;,
  -0.057972;0.848480;0.033238;,
  -0.074991;0.853773;0.061398;,
  -0.078287;0.873308;0.068135;,
  -0.070141;0.881600;0.057098;,
  -0.061556;0.869140;0.036988;,
  -0.052975;0.847123;0.033279;,
  -0.046240;0.911983;0.020652;,
  -0.061556;0.869140;0.036988;,
  -0.027215;0.823848;0.035367;,
  -0.025156;0.805935;0.029550;,
  -0.043012;0.806374;0.016146;,
  -0.039017;0.830414;0.046078;,
  -0.008979;0.500968;0.087215;,
  -0.009386;0.467006;0.082412;,
  -0.007799;0.447813;0.075927;,
  0.011609;0.454512;0.018494;,
  -0.062828;0.920071;0.128622;,
  -0.047706;0.923832;0.136661;,
  -0.015292;0.883495;-0.007796;,
  -0.012655;0.899120;-0.002718;,
  -0.015927;0.905688;0.003558;,
  -0.027197;0.919423;0.021667;,
  0.001956;0.608983;0.068375;,
  -0.043012;0.806374;0.016146;,
  0.041624;0.001877;-0.044903;,
  -0.004106;0.883953;-0.015691;,
  -0.012407;0.878903;-0.011580;,
  -0.005866;0.884842;-0.010014;,
  -0.006738;0.890928;-0.010954;,
  -0.090202;0.741506;0.039813;,
  -0.066335;0.733810;0.020230;,
  -0.068095;0.736128;0.004312;,
  -0.061305;0.743683;-0.018697;,
  -0.067527;0.851660;0.082215;,
  0.022305;0.229309;-0.057835;,
  0.013572;0.153342;-0.045797;,
  0.055337;0.155355;-0.031430;,
  0.052063;0.231795;-0.045456;,
  0.020009;0.285242;-0.073773;,
  0.052743;0.286985;-0.061816;,
  0.025281;0.377743;-0.055708;,
  0.043298;0.374353;-0.051008;,
  0.026296;0.466603;-0.046483;,
  0.035957;0.459883;-0.045039;,
  0.034413;0.504003;-0.039793;,
  -0.007899;0.513522;-0.041315;,
  0.012506;0.081441;-0.036564;,
  0.059538;0.089620;-0.023061;,
  -0.043398;0.085496;0.064280;,
  -0.081042;0.093391;0.006037;,
  -0.091338;0.165529;0.008499;,
  -0.039943;0.160045;0.053830;,
  -0.091845;0.240065;0.007376;,
  -0.037470;0.228328;0.043848;,
  -0.032594;0.278541;0.039511;,
  -0.065825;0.282786;-0.009027;,
  -0.092674;0.367086;0.006242;,
  -0.025442;0.361732;0.057551;,
  -0.009386;0.467006;0.082412;,
  -0.047740;0.461115;0.067055;,
  -0.066335;0.733810;0.020230;,
  -0.021364;0.475638;-0.052055;,
  -0.024566;0.378239;-0.067294;,
  -0.022596;0.282488;-0.081142;,
  -0.035945;0.224883;-0.053837;,
  -0.041210;0.151762;-0.043039;,
  -0.045689;0.073762;-0.025784;,
  0.087123;0.443622;0.085506;,
  0.115318;0.366546;0.083883;,
  0.032025;0.456355;0.094756;,
  0.109520;0.280989;0.059959;,
  0.121018;0.243356;0.093429;,
  0.123377;0.169350;0.102076;,
  0.111105;0.095298;0.104487;,
  -0.081802;0.447999;0.025664;,
  0.081586;0.791461;0.010212;,
  0.081586;0.791461;0.010212;,
  0.043223;0.797674;0.026017;,
  0.043223;0.797674;0.026017;,
  0.043223;0.797674;0.026017;,
  0.043223;0.797674;0.026017;,
  0.043223;0.797674;0.026017;,
  0.043223;0.797674;0.026017;,
  0.096656;0.772520;0.005032;,
  0.096656;0.772520;0.005032;,
  0.104857;0.749545;0.008838;,
  0.104857;0.749545;0.008838;,
  0.104857;0.749545;0.008838;,
  0.083226;0.711686;-0.021921;,
  0.083226;0.711686;-0.021921;,
  0.083226;0.711686;-0.021921;,
  0.083226;0.711686;-0.021921;,
  0.083226;0.711686;-0.021921;,
  0.112120;0.709859;0.016200;,
  0.112120;0.709859;0.016200;,
  0.112120;0.709859;0.016200;,
  0.112120;0.709859;0.016200;,
  0.112120;0.709859;0.016200;,
  0.037658;0.810661;0.066079;,
  0.037658;0.810661;0.066079;,
  0.037658;0.810661;0.066079;,
  0.037658;0.810661;0.066079;,
  0.037658;0.810661;0.066079;,
  0.037658;0.810661;0.066079;,
  0.077377;0.800113;0.060185;,
  0.077377;0.800113;0.060185;,
  0.084324;0.784438;0.090746;,
  0.084324;0.784438;0.090746;,
  0.084324;0.784438;0.090746;,
  0.040623;0.560957;0.081741;,
  0.040623;0.560957;0.081741;,
  0.040623;0.560957;0.081741;,
  0.040623;0.560957;0.081741;,
  0.040623;0.560957;0.081741;,
  0.079850;0.562759;0.072593;,
  0.079850;0.562759;0.072593;,
  0.079850;0.562759;0.072593;,
  0.079850;0.562759;0.072593;,
  0.079850;0.562759;0.072593;,
  0.094052;0.566302;0.018394;,
  0.094052;0.566302;0.018394;,
  0.094052;0.566302;0.018394;,
  0.094052;0.566302;0.018394;,
  0.094052;0.566302;0.018394;,
  0.094052;0.566302;0.018394;,
  0.078294;0.564522;-0.020113;,
  0.078294;0.564522;-0.020113;,
  0.078294;0.564522;-0.020113;,
  0.078294;0.564522;-0.020113;,
  0.078294;0.564522;-0.020113;,
  0.093850;0.516437;0.003662;,
  0.093850;0.516437;0.003662;,
  0.093850;0.516437;0.003662;,
  0.093850;0.516437;0.003662;,
  0.093850;0.516437;0.003662;,
  0.093850;0.516437;0.003662;,
  0.032480;0.710711;-0.040943;,
  0.032480;0.710711;-0.040943;,
  0.032480;0.710711;-0.040943;,
  0.032480;0.710711;-0.040943;,
  0.032480;0.710711;-0.040943;,
  0.000318;0.560977;0.066953;,
  0.000318;0.560977;0.066953;,
  0.051476;0.654778;0.093506;,
  0.051476;0.654778;0.093506;,
  0.051476;0.654778;0.093506;,
  0.051476;0.654778;0.093506;,
  0.000898;0.655013;0.082561;,
  0.000898;0.655013;0.082561;,
  0.002806;0.689343;0.095045;,
  0.002806;0.689343;0.095045;,
  0.058902;0.693113;0.103356;,
  0.058902;0.693113;0.103356;,
  0.058902;0.693113;0.103356;,
  0.058902;0.693113;0.103356;,
  0.058902;0.693113;0.103356;,
  0.088407;0.468094;-0.013583;,
  0.088407;0.468094;-0.013583;,
  0.088407;0.468094;-0.013583;,
  0.088407;0.468094;-0.013583;,
  0.088407;0.468094;-0.013583;,
  0.088407;0.468094;-0.013583;,
  0.109601;0.466707;0.032512;,
  0.109601;0.466707;0.032512;,
  0.109601;0.466707;0.032512;,
  0.109601;0.466707;0.032512;,
  0.109601;0.466707;0.032512;,
  0.109601;0.466707;0.032512;,
  0.121693;0.274589;-0.022723;,
  0.121693;0.274589;-0.022723;,
  0.121693;0.274589;-0.022723;,
  0.121693;0.274589;-0.022723;,
  0.121693;0.274589;-0.022723;,
  0.134595;0.277243;0.028299;,
  0.134595;0.277243;0.028299;,
  0.134595;0.277243;0.028299;,
  0.134595;0.277243;0.028299;,
  0.134595;0.277243;0.028299;,
  0.009782;0.436965;0.070997;,
  0.009782;0.436965;0.070997;,
  0.009782;0.436965;0.070997;,
  0.009782;0.436965;0.070997;,
  0.009782;0.436965;0.070997;,
  0.009782;0.436965;0.070997;,
  0.009782;0.436965;0.070997;,
  0.071376;0.274009;0.047279;,
  0.071376;0.274009;0.047279;,
  0.071376;0.274009;0.047279;,
  0.071376;0.274009;0.047279;,
  0.071376;0.274009;0.047279;,
  0.082487;0.269968;0.006934;,
  0.087123;0.443622;0.085506;,
  0.087123;0.443622;0.085506;,
  0.087123;0.443622;0.085506;,
  0.087123;0.443622;0.085506;,
  0.087123;0.443622;0.085506;,
  0.109520;0.280989;0.059959;,
  0.109520;0.280989;0.059959;,
  0.109520;0.280989;0.059959;,
  0.109520;0.280989;0.059959;,
  0.109520;0.280989;0.059959;,
  0.109520;0.280989;0.059959;,
  0.121960;0.072666;0.055918;,
  0.121960;0.072666;0.055918;,
  0.128533;0.077452;0.089614;,
  0.128533;0.077452;0.089614;,
  0.128533;0.077452;0.089614;,
  0.089137;0.088692;0.095888;,
  0.089137;0.088692;0.095888;,
  0.111105;0.095298;0.104487;,
  0.111105;0.095298;0.104487;,
  0.082817;0.454492;0.088932;,
  0.082817;0.454492;0.088932;,
  0.082817;0.454492;0.088932;,
  0.082817;0.454492;0.088932;,
  0.032025;0.456355;0.094756;,
  0.032025;0.456355;0.094756;,
  0.032025;0.456355;0.094756;,
  0.032025;0.456355;0.094756;,
  0.047034;0.609307;0.082376;,
  0.047034;0.609307;0.082376;,
  0.047034;0.609307;0.082376;,
  0.047034;0.609307;0.082376;,
  0.047034;0.609307;0.082376;,
  0.047034;0.609307;0.082376;,
  0.086647;0.655718;0.085543;,
  0.086647;0.655718;0.085543;,
  0.086647;0.655718;0.085543;,
  0.086647;0.655718;0.085543;,
  0.086647;0.655718;0.085543;,
  0.102159;0.663055;0.073356;,
  0.102159;0.663055;0.073356;,
  0.102159;0.663055;0.073356;,
  0.102159;0.663055;0.073356;,
  0.102159;0.663055;0.073356;,
  0.102159;0.663055;0.073356;,
  0.111078;0.673781;0.021295;,
  0.111078;0.673781;0.021295;,
  0.111078;0.673781;0.021295;,
  0.111078;0.673781;0.021295;,
  0.111078;0.673781;0.021295;,
  0.095297;0.620327;0.019870;,
  0.095297;0.620327;0.019870;,
  0.095297;0.620327;0.019870;,
  0.095297;0.620327;0.019870;,
  0.095297;0.620327;0.019870;,
  0.095297;0.620327;0.019870;,
  0.085501;0.612232;0.069331;,
  0.085501;0.612232;0.069331;,
  0.085501;0.612232;0.069331;,
  0.085501;0.612232;0.069331;,
  0.088739;0.676465;-0.022574;,
  0.088739;0.676465;-0.022574;,
  0.088739;0.676465;-0.022574;,
  0.088739;0.676465;-0.022574;,
  0.088739;0.676465;-0.022574;,
  0.083814;0.619859;-0.015593;,
  0.083814;0.619859;-0.015593;,
  0.083814;0.619859;-0.015593;,
  0.083814;0.619859;-0.015593;,
  0.083814;0.619859;-0.015593;,
  0.042367;0.676429;-0.043328;,
  0.042367;0.676429;-0.043328;,
  0.042367;0.676429;-0.043328;,
  0.042367;0.676429;-0.043328;,
  0.042367;0.676429;-0.043328;,
  0.042367;0.676429;-0.043328;,
  0.042367;0.676429;-0.043328;,
  0.039813;0.616209;-0.036913;,
  0.039813;0.616209;-0.036913;,
  0.039813;0.616209;-0.036913;,
  0.039813;0.616209;-0.036913;,
  0.039813;0.616209;-0.036913;,
  0.133161;0.844838;-0.082807;,
  0.133161;0.844838;-0.082807;,
  0.175550;0.855078;-0.061441;,
  0.175550;0.855078;-0.061441;,
  0.175550;0.855078;-0.061441;,
  0.175550;0.855078;-0.061441;,
  0.175550;0.855078;-0.061441;,
  0.152915;0.804006;-0.105471;,
  0.152915;0.804006;-0.105471;,
  0.152915;0.804006;-0.105471;,
  0.152915;0.804006;-0.105471;,
  0.152915;0.804006;-0.105471;,
  0.133161;0.844838;-0.082807;,
  0.195234;0.814273;-0.084330;,
  0.195234;0.814273;-0.084330;,
  0.195234;0.814273;-0.084330;,
  0.195234;0.814273;-0.084330;,
  0.195234;0.814273;-0.084330;,
  0.195234;0.814273;-0.084330;,
  0.132905;0.956200;-0.131400;,
  0.132905;0.956200;-0.131400;,
  0.154510;0.963717;-0.116939;,
  0.154510;0.963717;-0.116939;,
  0.154510;0.963717;-0.116939;,
  0.154510;0.963717;-0.116939;,
  0.154510;0.963717;-0.116939;,
  0.154510;0.963717;-0.116939;,
  0.153560;0.834563;-0.132822;,
  0.153560;0.834563;-0.132822;,
  0.153560;0.834563;-0.132822;,
  0.153560;0.834563;-0.132822;,
  0.153560;0.834563;-0.132822;,
  0.161980;0.945455;-0.153778;,
  0.161980;0.945455;-0.153778;,
  0.161980;0.945455;-0.153778;,
  0.161980;0.945455;-0.153778;,
  0.132905;0.956200;-0.131400;,
  0.132905;0.956200;-0.131400;,
  0.203583;0.844772;-0.107159;,
  0.203583;0.844772;-0.107159;,
  0.203583;0.844772;-0.107159;,
  0.203583;0.844772;-0.107159;,
  0.173472;0.950154;-0.146113;,
  0.173472;0.950154;-0.146113;,
  0.173472;0.950154;-0.146113;,
  0.173472;0.950154;-0.146113;,
  0.173472;0.950154;-0.146113;,
  0.103231;0.817461;0.058097;,
  0.103231;0.817461;0.058097;,
  0.103231;0.817461;0.058097;,
  0.103231;0.817461;0.058097;,
  0.105722;0.825549;0.029587;,
  0.105722;0.825549;0.029587;,
  0.105722;0.825549;0.029587;,
  0.105722;0.825549;0.029587;,
  0.105722;0.825549;0.029587;,
  0.077377;0.800113;0.060185;,
  0.077377;0.800113;0.060185;,
  0.074460;0.807803;0.033795;,
  0.098035;0.700239;0.095178;,
  0.098035;0.700239;0.095178;,
  0.098035;0.700239;0.095178;,
  0.098035;0.700239;0.095178;,
  0.098035;0.700239;0.095178;,
  0.098035;0.700239;0.095178;,
  0.051255;0.809191;0.040908;,
  0.051255;0.809191;0.040908;,
  0.105622;0.811383;0.008984;,
  0.105622;0.811383;0.008984;,
  0.105622;0.811383;0.008984;,
  0.105622;0.811383;0.008984;,
