xof 0303txt 0032
template XSkinMeshHeader {
 <3cf169ce-ff7c-44ab-93c0-f78f62d172e2>
 WORD nMaxSkinWeightsPerVertex;
 WORD nMaxSkinWeightsPerFace;
 WORD nBones;
}

template VertexDuplicationIndices {
 <b8d65549-d7c9-4995-89cf-53a9a8b031e3>
 DWORD nIndices;
 DWORD nOriginalVertices;
 array DWORD indices[nIndices];
}

template SkinWeights {
 <6f0d123b-bad2-4167-a0d0-80224f25fabb>
 STRING transformNodeName;
 DWORD nWeights;
 array DWORD vertexIndices[nWeights];
 array FLOAT weights[nWeights];
 Matrix4x4 matrixOffset;
}

template AnimTicksPerSecond {
 <9e415a43-7ba6-4a73-8743-b73d47e88476>
 DWORD AnimTicksPerSecond;
}

template VertexElement {
 <f752461c-1e23-48f6-b9f8-8350850f336f>
 DWORD Type;
 DWORD Method;
 DWORD Usage;
 DWORD UsageIndex;
}

template DeclData {
 <bf22e553-292c-4781-9fea-62bd554bdd93>
 DWORD nElements;
 array VertexElement Elements[nElements];
 DWORD nDWords;
 array DWORD data[nDWords];
}


AnimTicksPerSecond {
 4800;
}

Frame Dummy01 {
 

 FrameTransformMatrix {
  1.000000,0.000000,0.000000,0.000000,0.000000,-0.000000,-1.000000,0.000000,0.000000,1.000000,-0.000000,0.000000,0.000000,0.000000,0.000000,1.000000;;
 }

 Frame Bip01 {
  

  FrameTransformMatrix {
   0.484444,0.819615,-0.305852,0.000000,0.122471,0.282633,0.951378,0.000000,0.866207,-0.498347,0.036540,0.000000,0.000000,-0.050407,0.508268,1.000000;;
  }

  Frame Bip01_Pelvis {
   

   FrameTransformMatrix {
    -0.000000,1.000000,-0.000001,0.000000,0.087154,0.000001,0.996195,0.000000,0.996195,-0.000000,-0.087154,0.000000,0.000000,0.000000,0.000000,1.000000;;
   }

   Frame Bip01_Spine {
    

    FrameTransformMatrix {
     0.998192,-0.005238,-0.059886,0.000000,-0.000001,0.996195,-0.087152,0.000000,0.060114,0.086994,0.994393,0.000000,0.051628,-0.000007,-0.000084,1.000000;;
    }

    Frame Bip01_Spine1 {
     

     FrameTransformMatrix {
      0.944325,-0.155507,0.289944,0.000000,0.115540,0.981865,0.150304,0.000000,-0.308059,-0.108436,0.945167,0.000000,0.106506,0.000009,-0.000080,1.000000;;
     }

     Frame Bip01_Neck {
      

      FrameTransformMatrix {
       0.903366,0.000001,0.428870,0.000000,-0.000001,1.000000,-0.000000,0.000000,-0.428870,-0.000000,0.903366,0.000000,0.130516,0.000000,0.004628,1.000000;;
      }

      Frame Bip01_Head {
       

       FrameTransformMatrix {
        0.909554,-0.336216,0.244276,0.000000,0.282255,0.931187,0.230699,0.000000,-0.305032,-0.140885,0.941864,0.000000,0.033674,0.000000,-0.000000,1.000000;;
       }

       Frame Bip01_HeadNub {
        

        FrameTransformMatrix {
         1.000000,0.000000,0.000000,0.000000,0.000000,1.000000,0.000000,0.000000,0.000000,0.000000,1.000000,0.000000,0.169824,0.000000,0.000000,1.000000;;
        }
       }
      }

      Frame Bip01_L_Clavicle {
       

       FrameTransformMatrix {
        -0.000000,1.000000,-0.000003,0.000000,0.903025,-0.000001,-0.429589,0.000000,-0.429589,-0.000002,-0.903024,0.000000,-0.023698,0.015715,0.006128,1.000000;;
       }

       Frame Bip01_L_UpperArm {
        

        FrameTransformMatrix {
         0.255479,-0.912319,-0.320008,0.000000,0.628607,0.408226,-0.661970,0.000000,0.734563,-0.032039,0.677783,0.000000,0.087086,0.000000,0.000000,1.000000;;
        }

        Frame Bip01_L_Forearm {
         

         FrameTransformMatrix {
          0.823668,-0.000000,-0.567072,0.000000,0.000000,1.000000,-0.000000,0.000000,0.567072,0.000000,0.823668,0.000000,0.137062,0.000000,0.000000,1.000000;;
         }

         Frame Bip01_L_Hand {
          

          FrameTransformMatrix {
           0.971486,-0.212704,0.104747,0.000000,-0.102153,0.023181,0.994499,0.000000,-0.213962,-0.976842,0.000792,0.000000,0.137062,0.000000,-0.000000,1.000000;;
          }

          Frame Bip01_L_Finger0 {
           

           FrameTransformMatrix {
            0.556874,-0.020367,0.830347,0.000000,0.558537,0.749101,-0.356210,0.000000,-0.614759,0.662144,0.428531,0.000000,0.057681,-0.023605,-0.000272,1.000000;;
           }

           Frame Bip01_L_Finger0Nub {
            

            FrameTransformMatrix {
             1.000000,0.000000,0.000000,0.000000,0.000000,1.000000,0.000000,0.000000,-0.000000,-0.000000,1.000000,0.000000,0.029435,0.000000,0.000000,1.000000;;
            }
           }
          }

          Frame Bip01_L_Finger1 {
           

           FrameTransformMatrix {
            -0.342274,-0.000748,0.939600,0.000000,-0.000000,1.000000,0.000796,0.000000,-0.939600,0.000273,-0.342274,0.000000,0.084102,0.000000,-0.000000,1.000000;;
           }

           Frame Bip01_L_Finger1Nub {
            

            FrameTransformMatrix {
             1.000000,0.000000,-0.000000,0.000000,-0.000000,1.000000,0.000000,0.000000,0.000000,-0.000000,1.000000,0.000000,0.047988,-0.000000,0.000000,1.000000;;
            }
           }
          }
         }
        }
       }
      }

      Frame Bip01_R_Clavicle {
       

       FrameTransformMatrix {
        -0.000000,-1.000000,0.000003,0.000000,-0.903025,0.000001,0.429589,0.000000,-0.429589,-0.000002,-0.903024,0.000000,-0.023698,-0.015714,0.006128,1.000000;;
       }

       Frame Bip01_R_UpperArm {
        

        FrameTransformMatrix {
         0.313047,0.948166,-0.054614,0.000000,-0.871946,0.309723,0.379185,0.000000,0.376446,-0.071082,0.923708,0.000000,0.087086,0.000000,-0.000000,1.000000;;
        }

        Frame Bip01_R_Forearm {
         

         FrameTransformMatrix {
          0.811989,-0.000000,-0.583672,0.000000,0.000000,1.000000,-0.000000,0.000000,0.583672,-0.000000,0.811989,0.000000,0.137062,-0.000000,0.000000,1.000000;;
         }

         Frame Bip01_R_Hand {
          

          FrameTransformMatrix {
           0.876605,0.385158,-0.288474,0.000000,-0.438815,0.393779,-0.807700,0.000000,-0.197497,0.834621,0.514202,0.000000,0.137062,0.000000,-0.000000,1.000000;;
          }

          Frame Bip01_R_Finger0 {
           

           FrameTransformMatrix {
            0.556874,0.020367,0.830347,0.000000,-0.558537,0.749101,0.356210,0.000000,-0.614759,-0.662144,0.428531,0.000000,0.057681,0.023605,-0.000272,1.000000;;
           }

           Frame Bip01_R_Finger0Nub {
            

            FrameTransformMatrix {
             -1.000000,-0.000000,0.000000,0.000000,0.000000,1.000000,-0.000000,0.000000,-0.000000,-0.000000,-1.000000,0.000000,0.029435,0.000000,-0.000000,1.000000;;
            }
           }
          }

          Frame Bip01_R_Finger1 {
           

           FrameTransformMatrix {
            -0.342274,0.000748,0.939600,0.000000,0.000000,1.000000,-0.000796,0.000000,-0.939600,-0.000273,-0.342274,0.000000,0.084102,-0.000000,0.000000,1.000000;;
           }

           Frame Bip01_R_Finger1Nub {
            

            FrameTransformMatrix {
             -1.000000,-0.000000,0.000000,0.000000,-0.000000,1.000000,0.000000,0.000000,0.000000,-0.000000,-1.000000,0.000000,0.047988,-0.000000,0.000000,1.000000;;
            }
           }
          }
         }
        }
       }
      }
     }

     Frame Bip01_BackPack {
      

      FrameTransformMatrix {
       0.035098,-0.075887,-0.996499,0.000000,0.053820,0.995809,-0.073939,0.000000,0.997934,-0.051036,0.039035,0.000000,0.051182,0.000002,-0.091273,1.000000;;
      }

      Frame Bip01_BackPackNub {
       

       FrameTransformMatrix {
        0.000796,0.000003,1.000000,0.000000,0.000000,-1.000000,0.000003,0.000000,1.000000,0.000000,-0.000796,0.000000,0.053240,0.000000,0.000000,1.000000;;
       }
      }
     }
    }

    Frame Bip01_L_Thigh {
     

     FrameTransformMatrix {
      -0.901014,0.078752,0.426582,0.000000,-0.142537,-0.982528,-0.119677,0.000000,0.409704,-0.168634,0.896496,0.000000,-0.051829,0.055015,0.001785,1.000000;;
     }

     Frame Bip01_L_Calf {
      

      FrameTransformMatrix {
       0.963712,-0.000000,-0.266942,0.000000,0.000000,1.000000,0.000000,0.000000,0.266942,0.000000,0.963713,0.000000,0.237500,0.000000,-0.000000,1.000000;;
      }

      Frame Bip01_L_Foot {
       

       FrameTransformMatrix {
        0.985543,0.146792,0.084596,0.000000,-0.159604,0.971922,0.172897,0.000000,-0.056841,-0.183899,0.981300,0.000000,0.206841,0.000000,0.000000,1.000000;;
       }

       Frame Bip01_L_Toe0 {
        

        FrameTransformMatrix {
         -0.000001,0.000000,1.000000,0.000000,0.000000,1.000000,-0.000000,0.000000,-1.000000,0.000000,-0.000001,0.000000,0.065373,0.000000,0.066450,1.000000;;
        }

        Frame Bip01_L_Toe0Nub {
         

         FrameTransformMatrix {
          -1.000000,-0.000000,0.000000,0.000000,-0.000000,1.000000,0.000000,0.000000,-0.000000,0.000000,-1.000000,0.000000,0.006735,0.000000,0.000000,1.000000;;
         }
        }
       }
      }
     }
    }

    Frame Bip01_R_Thigh {
     

     FrameTransformMatrix {
      -0.875541,-0.110228,0.470402,0.000000,0.076525,-0.992975,-0.090249,0.000000,0.477045,-0.043019,0.877825,0.000000,-0.051251,-0.055015,-0.007823,1.000000;;
     }

     Frame Bip01_R_Calf {
      

      FrameTransformMatrix {
       0.926837,-0.000000,-0.375465,0.000000,0.000000,1.000000,-0.000000,0.000000,0.375465,0.000000,0.926837,0.000000,0.237500,0.000000,0.000000,1.000000;;
      }

      Frame Bip01_R_Foot {
       

       FrameTransformMatrix {
        0.995183,-0.067413,0.071178,0.000000,0.004122,0.754179,0.656656,0.000000,-0.097948,-0.653199,0.750824,0.000000,0.206841,0.000000,0.000000,1.000000;;
       }

       Frame Bip01_R_Toe0 {
        

        FrameTransformMatrix {
         -0.087157,0.000001,0.996194,0.000000,0.000001,1.000000,-0.000001,0.000000,-0.996195,0.000001,-0.087157,0.000000,0.065373,0.000000,0.066450,1.000000;;
        }

        Frame Bip01_R_Toe0Nub {
         

         FrameTransformMatrix {
          1.000000,-0.000000,-0.000000,0.000000,0.000000,1.000000,0.000000,0.000000,-0.000000,0.000000,1.000000,0.000000,0.006735,0.000000,-0.000000,1.000000;;
         }
        }
       }
      }
     }
    }
   }

   Frame Bip01_DressFront {
    

    FrameTransformMatrix {
     -0.830864,-0.008445,0.556411,0.000000,-0.032673,0.998900,-0.033627,0.000000,-0.555515,-0.046119,-0.830227,0.000000,-0.043921,0.001406,0.061063,1.000000;;
    }

    Frame Bip01_DressFront02 {
     

     FrameTransformMatrix {
      0.946511,0.081243,0.312276,0.000000,-0.077173,0.996694,-0.025393,0.000000,-0.313307,-0.000065,0.949652,0.000000,0.183366,0.000000,-0.000125,1.000000;;
     }

     Frame Bip01_DressFrontNub {
      

      FrameTransformMatrix {
       0.000796,0.000003,1.000000,0.000000,0.000000,-1.000000,0.000003,0.000000,1.000000,0.000000,-0.000796,0.000000,0.165302,0.000000,-0.000000,1.000000;;
      }
     }
    }
   }

   Frame Bip01_DressBack {
    

    FrameTransformMatrix {
     -0.830379,0.045218,0.555361,0.000000,-0.011734,0.995062,-0.098565,0.000000,-0.557075,-0.088363,-0.825748,0.000000,-0.047654,0.000012,-0.078304,1.000000;;
    }

    Frame Bip01_DressBack02 {
     

     FrameTransformMatrix {
      0.961427,0.000001,0.275061,0.000000,-0.000001,1.000000,-0.000000,0.000000,-0.275061,-0.000000,0.961427,0.000000,0.176189,0.000000,-0.000105,1.000000;;
     }

     Frame Bip01_DressBackNub {
      

      FrameTransformMatrix {
       0.000796,0.000003,1.000000,0.000000,0.000000,-1.000000,0.000003,0.000000,1.000000,-0.000000,-0.000796,0.000000,0.136508,-0.000000,-0.000000,1.000000;;
      }
     }
    }
   }
  }

  Frame Bip01_Prop1 {
   

   FrameTransformMatrix {
    0.422404,-0.045727,-0.905253,0.000000,0.725946,-0.580963,0.368083,0.000000,-0.542750,-0.812645,-0.212206,0.000000,0.024908,-0.011984,-0.136265,1.000000;;
   }
  }

  Frame Bip01_Prop2 {
   

   FrameTransformMatrix {
    0.619219,-0.579509,0.529847,0.000000,0.772153,0.326810,-0.544955,0.000000,0.142647,0.746569,0.649836,0.000000,0.109229,0.024051,0.111682,1.000000;;
   }
  }
 }
}

Frame Translation_Data {
 

 FrameTransformMatrix {
  -0.000000,0.000000,-1.000000,0.000000,-1.000000,-0.000000,0.000000,0.000000,-0.000000,1.000000,0.000000,0.000000,0.000000,-0.000000,0.000000,1.000000;;
 }
}

Frame Body {
 

 FrameTransformMatrix {
  1.000000,0.000000,0.000000,0.000000,0.000000,1.000000,0.000000,0.000000,0.000000,0.000000,1.000000,0.000000,0.000000,0.000000,0.000000,1.000000;;
 }

 Mesh Body {
  617;
  0.100608;0.748407;-0.048488;,
  0.059305;0.765276;-0.059587;,
  0.067446;0.732570;-0.055997;,
  0.110647;0.730322;-0.037291;,
  0.113266;0.715133;-0.026312;,
  0.078049;0.698138;-0.051452;,
  0.090506;0.671604;-0.030691;,
  0.112638;0.690682;0.006733;,
  0.049000;0.801702;-0.040056;,
  0.087473;0.791557;-0.023309;,
  0.085388;0.799565;0.007755;,
  0.053491;0.801594;0.000429;,
  0.065723;0.567969;0.105178;,
  0.017833;0.570583;0.109880;,
  0.021216;0.580198;0.102119;,
  0.061097;0.576704;0.097297;,
  0.080205;0.561200;0.046802;,
  0.081093;0.540956;0.075117;,
  0.067754;0.547549;0.009453;,
  0.053875;0.497348;0.032443;,
  0.076621;0.510918;0.050197;,
  0.040882;0.693823;-0.068346;,
  0.043597;0.662279;-0.056354;,
  -0.020636;0.566039;0.093028;,
  -0.017497;0.577490;0.083738;,
  0.035161;0.684385;0.087375;,
  -0.013342;0.682904;0.068537;,
  -0.009747;0.724705;0.056012;,
  0.044487;0.729858;0.072876;,
  0.070217;0.472235;0.034442;,
  0.093718;0.379414;0.021337;,
  0.119811;0.377346;0.060965;,
  0.089722;0.471885;0.080676;,
  0.110049;0.285659;0.009117;,
  0.121895;0.283400;0.060621;,
  0.019384;0.466995;0.033882;,
  -0.012591;0.446784;0.116965;,
  0.021947;0.358091;0.100773;,
  0.041070;0.369448;0.028132;,
  0.058512;0.275387;0.078008;,
  0.070539;0.276160;0.037491;,
  0.064558;0.452463;0.133945;,
  0.098513;0.368189;0.121445;,
  0.096081;0.282656;0.092157;,
  0.125728;0.006965;0.097822;,
  0.089257;0.006945;0.071463;,
  0.068102;0.007521;0.115458;,
  0.097821;0.007494;0.133676;,
  0.108663;0.227284;0.036131;,
  0.113691;0.153820;0.044420;,
  0.130744;0.156656;0.081592;,
  0.127679;0.230927;0.074080;,
  0.122127;0.075192;0.055956;,
  0.128294;0.076891;0.090104;,
  0.063437;0.205473;0.045260;,
  0.044129;0.223128;0.094476;,
  0.059192;0.159007;0.095053;,
  0.077482;0.149038;0.057634;,
  0.088416;0.085541;0.097105;,
  0.097564;0.068215;0.069658;,
  0.110080;0.238905;0.119589;,
  0.117100;0.164745;0.116721;,
  0.110040;0.092315;0.106581;,
  0.080979;0.515149;0.090312;,
  0.020641;0.485976;0.006959;,
  0.010715;0.457467;0.028751;,
  0.019384;0.466995;0.033882;,
  0.059780;0.526892;0.139264;,
  0.004554;0.532549;0.139031;,
  0.057401;0.470899;0.141402;,
  0.005750;0.477786;0.143613;,
  0.028841;0.632353;0.094523;,
  0.071063;0.679105;0.086697;,
  0.088936;0.678648;0.075889;,
  0.105936;0.662961;0.028325;,
  0.084789;0.614959;0.041477;,
  0.068737;0.627311;0.087532;,
  0.089938;0.646331;-0.014448;,
  0.077253;0.601744;0.007978;,
  0.045677;0.644810;-0.043285;,
  0.035569;0.593347;-0.016541;,
  0.133914;0.725029;-0.038794;,
  0.086097;0.732125;-0.015154;,
  0.154093;0.681134;-0.023596;,
  0.100688;0.675223;0.002915;,
  0.121579;0.631212;0.020816;,
  0.164988;0.635542;-0.000574;,
  0.110322;0.745314;0.039170;,
  0.125431;0.700580;0.058685;,
  0.100688;0.675223;0.002915;,
  0.142272;0.647183;0.067781;,
  0.121579;0.631212;0.020816;,
  0.120441;0.749783;0.041629;,
  0.158210;0.749568;0.017385;,
  0.178895;0.706806;0.032102;,
  0.185584;0.651415;0.046527;,
  0.151267;0.737554;-0.017862;,
  0.166437;0.616693;-0.009961;,
  0.115524;0.608935;0.015495;,
  0.126253;0.549994;0.005857;,
  0.158370;0.557497;-0.010255;,
  0.132006;0.509910;0.003802;,
  0.154840;0.507317;-0.008086;,
  0.115524;0.608935;0.015495;,
  0.143109;0.609374;0.072237;,
  0.158620;0.550706;0.053035;,
  0.126253;0.549994;0.005857;,
  0.155958;0.508651;0.035362;,
  0.132006;0.509910;0.003802;,
  0.193792;0.617160;0.047008;,
  0.183067;0.556767;0.040398;,
  0.171719;0.505328;0.025676;,
  0.094724;0.437207;0.018274;,
  0.109282;0.448561;0.006316;,
  0.148301;0.448248;0.034531;,
  0.133602;0.437038;0.045906;,
  0.100469;0.441098;0.003349;,
  0.105479;0.433308;0.009676;,
  0.109277;0.426972;0.001521;,
  0.099297;0.434706;-0.006340;,
  0.139007;0.479858;0.042977;,
  0.143936;0.442831;0.042152;,
  0.127418;0.448979;-0.007593;,
  0.115090;0.480730;-0.000604;,
  0.172596;0.474553;0.026390;,
  0.158714;0.431951;0.034323;,
  0.148599;0.476198;-0.019691;,
  0.143250;0.438539;-0.013662;,
  0.112918;0.797206;-0.014429;,
  0.127339;0.784598;-0.037396;,
  0.087473;0.791557;-0.023309;,
  0.092386;0.776275;-0.042769;,
  0.085173;0.729014;0.071148;,
  0.066459;0.783619;-0.053836;,
  0.129038;0.758452;-0.046231;,
  0.100608;0.748407;-0.048488;,
  0.110647;0.730322;-0.037291;,
  0.122602;0.740318;-0.031517;,
  0.099470;0.769760;0.040248;,
  0.053391;0.765974;0.044789;,
  0.103756;0.771712;0.035795;,
  -0.002279;0.756858;0.030786;,
  0.011227;0.789880;-0.017525;,
  0.085388;0.799565;0.007755;,
  0.103756;0.771712;0.035795;,
  0.105002;0.725027;0.000070;,
  0.106252;0.760240;0.032348;,
  0.086097;0.732125;-0.015154;,
  0.099022;0.712460;0.047739;,
  0.105439;0.693919;0.019064;,
  0.113266;0.715133;-0.026312;,
  0.098160;0.722371;0.061158;,
  0.115090;0.480730;-0.000604;,
  0.057192;0.819589;-0.077938;,
  0.069983;0.801712;-0.083958;,
  0.020502;0.802584;-0.047432;,
  0.030643;0.825358;-0.080603;,
  0.143250;0.438539;-0.013662;,
  0.094724;0.437207;0.018274;,
  0.133602;0.437038;0.045906;,
  0.106551;0.459456;-0.001575;,
  0.110765;0.442455;-0.020659;,
  0.106551;0.459456;-0.001575;,
  0.117419;0.447047;0.005114;,
  0.130429;0.435871;-0.012537;,
  0.130429;0.435871;-0.012537;,
  0.100469;0.441098;0.003349;,
  0.099297;0.434706;-0.006340;,
  0.109277;0.426972;0.001521;,
  0.171838;0.027548;0.035675;,
  0.164868;0.023987;-0.012820;,
  0.169680;0.005308;-0.018040;,
  0.180223;0.005824;0.032736;,
  0.070797;0.040778;0.104057;,
  0.068102;0.007521;0.115458;,
  0.089257;0.006945;0.071463;,
  0.089618;0.031864;0.068291;,
  0.088416;0.085541;0.097105;,
  0.110040;0.092315;0.106581;,
  0.106349;0.043792;0.125551;,
  0.125728;0.006965;0.097822;,
  0.097821;0.007494;0.133676;,
  0.128272;0.041873;0.095916;,
  0.122127;0.075192;0.055956;,
  0.128294;0.076891;0.090104;,
  0.134501;0.005466;-0.027659;,
  0.135986;0.021101;-0.018463;,
  0.180223;0.005824;0.032736;,
  0.134501;0.005466;-0.027659;,
  0.041070;0.369448;0.028132;,
  0.070539;0.276160;0.037491;,
  0.063437;0.205473;0.045260;,
  0.077482;0.149038;0.057634;,
  0.097564;0.068215;0.069658;,
  0.097564;0.068215;0.069658;,
  -0.011364;0.461103;0.075689;,
  0.083936;0.784434;-0.104603;,
  0.076393;0.764513;-0.107207;,
  0.067679;0.763444;-0.100209;,
  0.065453;0.784860;-0.090092;,
  0.074384;0.812390;-0.114864;,
  0.065136;0.834544;-0.117355;,
  0.052335;0.816342;-0.238429;,
  0.032498;0.816756;-0.242268;,
  0.034252;0.787104;-0.239300;,
  0.071456;0.751413;-0.190814;,
  0.066246;0.767978;-0.214923;,
  0.054877;0.743836;-0.191503;,
  0.087932;0.797100;-0.129714;,
  0.081573;0.768113;-0.127619;,
  0.081496;0.796339;-0.112425;,
  0.086813;0.824656;-0.157341;,
  0.087898;0.806655;-0.173979;,
  0.085931;0.812696;-0.210645;,
  0.078591;0.786410;-0.216586;,
  0.085071;0.779878;-0.178161;,
  0.071228;0.862251;-0.156775;,
  0.083314;0.841013;-0.155742;,
  0.031635;0.870916;-0.153158;,
  0.030267;0.873578;-0.202358;,
  0.063609;0.865135;-0.204586;,
  0.086434;0.773726;-0.156348;,
  0.073306;0.749228;-0.158544;,
  0.073266;0.751446;-0.122658;,
  0.060308;0.731762;-0.102719;,
  0.041417;0.720671;-0.101921;,
  0.040537;0.739962;-0.093315;,
  0.060560;0.782169;-0.230370;,
  0.072385;0.814584;-0.229034;,
  0.079700;0.847264;-0.208422;,
  0.065876;0.843658;-0.227337;,
  0.030756;0.852400;-0.231068;,
  0.048156;0.850462;-0.230109;,
  0.033761;0.847707;-0.120431;,
  0.079700;0.847264;-0.208422;,
  0.065876;0.843658;-0.227337;,
  0.091148;0.810854;-0.157260;,
  0.092311;0.797607;-0.132585;,
  0.097038;0.823662;-0.152842;,
  0.093499;0.821738;-0.173374;,
  0.097038;0.823662;-0.152842;,
  0.092311;0.797607;-0.132585;,
  0.093499;0.821738;-0.173374;,
  0.087898;0.806655;-0.173979;,
  0.089715;0.792649;-0.153148;,
  0.087932;0.797100;-0.129714;,
  0.072097;0.756245;-0.179631;,
  0.089715;0.792649;-0.153148;,
  0.066459;0.783619;-0.053836;,
  0.069983;0.801712;-0.083958;,
  0.092386;0.776275;-0.042769;,
  0.074384;0.812390;-0.114864;,
  0.038719;0.743466;-0.078618;,
  0.039022;0.720626;-0.071969;,
  0.030073;0.543708;-0.012188;,
  -0.033713;0.529562;0.121715;,
  -0.036660;0.496121;0.128758;,
  -0.035363;0.473547;0.127915;,
  0.042605;0.757222;-0.093988;,
  -0.011364;0.461103;0.075689;,
  0.048156;0.850462;-0.230109;,
  0.030756;0.852400;-0.231068;,
  0.059852;0.736929;-0.134292;,
  0.051698;0.737261;-0.157855;,
  0.052303;0.733927;-0.148815;,
  0.035205;0.772467;-0.234318;,
  0.036710;0.753070;-0.217919;,
  0.052750;0.749573;-0.180012;,
  -0.014345;0.629827;0.075192;,
  0.092386;0.776275;-0.042769;,
  0.169680;0.005308;-0.018040;,
  0.059522;0.734990;-0.127979;,
  0.052271;0.727327;-0.128129;,
  0.051721;0.732279;-0.131490;,
  0.039891;0.722088;-0.160331;,
  0.039822;0.728164;-0.149205;,
  0.051524;0.728999;-0.136770;,
  0.040083;0.731229;-0.131655;,
  0.040630;0.723534;-0.127174;,
  0.038299;0.736260;-0.192193;,
  0.038515;0.736879;-0.182044;,
  0.106252;0.760240;0.032348;,
  0.040292;0.724855;-0.137787;,
  0.095374;0.735742;0.011471;,
  0.105002;0.725027;0.000070;,
  0.113266;0.715133;-0.026312;,
  0.083314;0.841013;-0.155742;,
  0.108663;0.227284;0.036131;,
  0.066221;0.223817;-0.001761;,
  0.079272;0.148260;0.012357;,
  0.113691;0.153820;0.044420;,
  0.110049;0.285659;0.009117;,
  0.068539;0.278973;-0.011551;,
  0.093718;0.379414;0.021337;,
  0.042737;0.368744;0.000578;,
  0.070217;0.472235;0.034442;,
  0.028180;0.455921;0.010122;,
  0.053875;0.497348;0.032443;,
  0.085587;0.075927;0.017257;,
  0.122127;0.075192;0.055956;,
  0.051666;0.155234;0.121252;,
  0.060703;0.085899;0.128169;,
  -0.010497;0.102506;0.110259;,
  -0.010836;0.175904;0.105621;,
  -0.006578;0.242417;0.093253;,
  0.043335;0.222497;0.109076;,
  -0.008276;0.308511;0.091868;,
  0.041400;0.271365;0.103688;,
  0.015820;0.356189;0.114289;,
  -0.021397;0.384804;0.109922;,
  -0.038417;0.469782;0.133850;,
  0.095374;0.735742;0.011471;,
  -0.027616;0.733261;-0.094688;,
  -0.038449;0.712713;-0.091007;,
  0.005213;0.725221;-0.078419;,
  0.006815;0.759077;-0.078499;,
  -0.044186;0.695917;-0.083902;,
  -0.054133;0.673609;-0.060781;,
  -0.008854;0.661432;-0.070916;,
  0.001523;0.689101;-0.079024;,
  -0.005298;0.795289;-0.059619;,
  -0.034143;0.791245;-0.031144;,
  -0.061565;0.782577;-0.045066;,
  -0.041923;0.776544;-0.069927;,
  -0.085161;0.566344;0.034329;,
  -0.076321;0.574392;0.029965;,
  -0.055801;0.578902;0.064382;,
  -0.058245;0.569764;0.074157;,
  -0.047709;0.559047;-0.015873;,
  -0.071370;0.539314;0.003526;,
  -0.010205;0.546237;-0.028746;,
  -0.049128;0.509683;-0.008643;,
  -0.020388;0.496548;-0.002427;,
  -0.017497;0.577490;0.083738;,
  -0.020636;0.566039;0.093028;,
  -0.058609;0.676734;0.043895;,
  -0.060362;0.719124;0.030430;,
  -0.009747;0.724705;0.056012;,
  -0.013342;0.682904;0.068537;,
  -0.031447;0.473937;-0.015195;,
  -0.078341;0.468939;0.001004;,
  -0.073231;0.374793;-0.037186;,
  -0.026893;0.382144;-0.044552;,
  -0.064147;0.281462;-0.041813;,
  -0.018772;0.287221;-0.067876;,
  0.004407;0.471748;0.021364;,
  0.004607;0.374274;-0.001388;,
  -0.034499;0.356728;0.061335;,
  -0.035827;0.445948;0.101022;,
  -0.011891;0.279060;-0.019716;,
  -0.033223;0.276997;0.016384;,
  -0.102209;0.360757;0.019015;,
  -0.099482;0.447103;0.054545;,
  -0.069601;0.280852;-0.001678;,
  -0.079456;0.006311;-0.018855;,
  -0.119048;0.008552;0.003326;,
  -0.105445;0.010326;0.035371;,
  -0.058805;0.008429;0.021070;,
  -0.033915;0.226797;-0.044971;,
  -0.074779;0.228917;-0.033110;,
  -0.078000;0.154735;-0.024815;,
  -0.039087;0.153242;-0.037630;,
  -0.075982;0.075702;-0.016099;,
  -0.044263;0.074391;-0.024846;,
  -0.008502;0.209348;-0.004300;,
  -0.023794;0.151938;-0.001950;,
  -0.039236;0.163821;0.036187;,
  -0.032312;0.229059;0.042083;,
  -0.055160;0.069092;0.009538;,
  -0.065726;0.087618;0.020174;,
  -0.094824;0.164298;0.008519;,
  -0.096480;0.238807;0.010199;,
  -0.082889;0.092633;0.005243;,
  -0.082532;0.513389;0.013533;,
  0.004407;0.471748;0.021364;,
  -0.071524;0.531730;0.103308;,
  -0.106867;0.525098;0.061013;,
  -0.072034;0.475650;0.105382;,
  -0.103259;0.466917;0.064823;,
  -0.055559;0.627242;0.052031;,
  -0.079757;0.666799;0.016762;,
  -0.082574;0.664654;-0.003639;,
  -0.072529;0.618758;0.016410;,
  -0.042935;0.607225;-0.022827;,
  -0.053913;0.649918;-0.045796;,
  -0.009697;0.596479;-0.035797;,
  -0.008051;0.638336;-0.059884;,
  -0.073176;0.698553;-0.104808;,
  -0.097761;0.656741;-0.090240;,
  -0.034546;0.710181;-0.069196;,
  -0.115882;0.614847;-0.065270;,
  -0.080977;0.614776;-0.031476;,
  -0.054894;0.656050;-0.048385;,
  -0.073728;0.730294;-0.027099;,
  -0.054894;0.656050;-0.048385;,
  -0.094789;0.688396;-0.006820;,
  -0.080977;0.614776;-0.031476;,
  -0.114599;0.636177;0.004428;,
  -0.084038;0.734800;-0.028451;,
  -0.137685;0.689386;-0.048805;,
  -0.112782;0.730160;-0.062606;,
  -0.149456;0.636169;-0.029196;,
  -0.095789;0.713458;-0.092055;,
  -0.114406;0.595204;-0.072208;,
  -0.106770;0.536769;-0.062385;,
  -0.081023;0.532520;-0.036567;,
  -0.073557;0.592558;-0.031900;,
  -0.103977;0.487861;-0.052510;,
  -0.088581;0.494665;-0.031518;,
  -0.073557;0.592558;-0.031900;,
  -0.081023;0.532520;-0.036567;,
  -0.126108;0.537909;-0.001750;,
  -0.116974;0.599071;0.013430;,
  -0.088581;0.494665;-0.031518;,
  -0.121453;0.489641;-0.014066;,
  -0.145592;0.541444;-0.021799;,
  -0.157667;0.601784;-0.026601;,
  -0.130497;0.488243;-0.026268;,
  -0.044663;0.441205;0.007933;,
  -0.086604;0.419620;0.000864;,
  -0.094661;0.429247;-0.016842;,
  -0.052345;0.451211;-0.010087;,
  -0.041342;0.448284;-0.006550;,
  -0.031849;0.446441;-0.013076;,
  -0.039525;0.433816;-0.014787;,
  -0.044810;0.437635;-0.005924;,
  -0.108169;0.456970;-0.002493;,
  -0.066882;0.480439;-0.017212;,
  -0.056172;0.451170;-0.032624;,
  -0.093834;0.423022;-0.008655;,
  -0.093864;0.411801;-0.025152;,
  -0.117917;0.448231;-0.037991;,
  -0.075445;0.473303;-0.054407;,
  -0.058145;0.439395;-0.048559;,
  -0.068361;0.775823;-0.079706;,
  -0.062142;0.762233;-0.105611;,
  -0.030818;0.761723;-0.087159;,
  -0.041923;0.776544;-0.069927;,
  -0.087397;0.711347;0.001286;,
  -0.005953;0.775067;-0.079924;,
  -0.053197;0.736627;-0.111833;,
  -0.055888;0.716369;-0.098157;,
  -0.038449;0.712713;-0.091007;,
  -0.027616;0.733261;-0.094688;,
  -0.084747;0.748737;-0.026478;,
  -0.085489;0.750238;-0.032581;,
  -0.054659;0.753212;0.005861;,
  -0.002279;0.756858;0.030786;,
  0.011227;0.789880;-0.017525;,
  -0.061565;0.782577;-0.045066;,
  -0.085489;0.750238;-0.032581;,
  -0.056235;0.705652;-0.058735;,
  -0.034546;0.710181;-0.069196;,
  -0.083246;0.738329;-0.036431;,
  -0.058326;0.677153;-0.047233;,
  -0.077484;0.694389;-0.023716;,
  -0.044186;0.695917;-0.083902;,
  -0.088191;0.703293;-0.014283;,
  -0.066882;0.480439;-0.017212;,
  0.002153;0.795644;-0.096221;,
  0.007012;0.815100;-0.087010;,
  0.030643;0.825358;-0.080603;,
  0.020502;0.802584;-0.047432;,
  -0.058145;0.439395;-0.048559;,
  -0.044663;0.441205;0.007933;,
  -0.086604;0.419620;0.000864;,
  -0.034430;0.455017;-0.030863;,
  -0.050875;0.464491;-0.013234;,
  -0.050875;0.464491;-0.013234;,
  -0.056280;0.447884;-0.016674;,
  -0.049157;0.440440;-0.039026;,
  -0.049157;0.440440;-0.039026;,
  -0.031849;0.446441;-0.013076;,
  -0.041342;0.448284;-0.006550;,
  -0.039525;0.433816;-0.014787;,
  -0.010944;0.024022;-0.056332;,
  -0.007015;0.001832;-0.062895;,
  0.041625;0.001876;-0.044901;,
  0.035940;0.020816;-0.042026;,
  -0.093431;0.043347;0.032454;,
  -0.055360;0.033278;0.019721;,
  -0.058805;0.008429;0.021070;,
  -0.105445;0.010326;0.035371;,
  -0.065726;0.087618;0.020174;,
  -0.109376;0.044266;-0.006016;,
  -0.082889;0.092633;0.005243;,
  -0.079456;0.006311;-0.018855;,
  -0.076836;0.041002;-0.023134;,
  -0.119048;0.008552;0.003326;,
  -0.044263;0.074391;-0.024846;,
  -0.075982;0.075702;-0.016099;,
  0.037203;0.019650;-0.012507;,
  0.045915;0.004118;-0.008753;,
  0.045915;0.004118;-0.008753;,
  -0.007015;0.001832;-0.062895;,
  0.004607;0.374274;-0.001388;,
  -0.011891;0.279060;-0.019716;,
  -0.008502;0.209348;-0.004300;,
  -0.023794;0.151938;-0.001950;,
  -0.055160;0.069092;0.009538;,
  -0.055160;0.069092;0.009538;,
  -0.008109;0.779219;-0.102325;,
  0.012910;0.780160;-0.099591;,
  0.010610;0.760210;-0.098796;,
  0.001498;0.760269;-0.105353;,
  -0.002292;0.808045;-0.112966;,
  0.004262;0.831095;-0.115848;,
  0.013049;0.814116;-0.237456;,
  0.032498;0.816756;-0.242268;,
  0.003752;0.747577;-0.189138;,
  0.021026;0.741918;-0.190665;,
  0.005863;0.764557;-0.213428;,
  -0.005057;0.763205;-0.125475;,
  -0.014743;0.791282;-0.127172;,
  -0.007418;0.791301;-0.110224;,
  -0.018106;0.818711;-0.154744;,
  -0.017971;0.800656;-0.171359;,
  -0.012349;0.774358;-0.175749;,
  -0.008551;0.781472;-0.214429;,
  -0.018509;0.806778;-0.208059;,
  -0.016401;0.835363;-0.153274;,
  -0.006855;0.857827;-0.154842;,
  0.031635;0.870916;-0.153158;,
  -0.001978;0.861418;-0.202962;,
  0.030267;0.873578;-0.202358;,
  -0.011932;0.768152;-0.153913;,
  0.005314;0.747595;-0.120976;,
  0.003755;0.745287;-0.156823;,
  0.021378;0.729556;-0.101756;,
  0.009142;0.779255;-0.229098;,
  -0.006187;0.810132;-0.227089;,
  -0.002926;0.839759;-0.225633;,
  -0.016119;0.841835;-0.206050;,
  0.013754;0.848513;-0.229257;,
  0.030756;0.852400;-0.231068;,
  0.033761;0.847707;-0.120431;,
  -0.016119;0.841835;-0.206050;,
  -0.002926;0.839759;-0.225633;,
  -0.027749;0.816591;-0.149753;,
  -0.019191;0.791289;-0.129824;,
  -0.020846;0.804508;-0.154488;,
  -0.025020;0.815023;-0.170440;,
  -0.019191;0.791289;-0.129824;,
  -0.027749;0.816591;-0.149753;,
  -0.025020;0.815023;-0.170440;,
  -0.017971;0.800656;-0.171359;,
  -0.017165;0.786593;-0.150503;,
  -0.014743;0.791282;-0.127172;,
  0.003121;0.752337;-0.177924;,
  -0.017165;0.786593;-0.150503;,
  0.002153;0.795644;-0.096221;,
  -0.005953;0.775067;-0.079924;,
  -0.030818;0.761723;-0.087159;,
  -0.002292;0.808045;-0.112966;,
  -0.033713;0.529562;0.121715;,
  -0.036660;0.496121;0.128758;,
  -0.035363;0.473547;0.127915;,
  -0.011364;0.461103;0.075689;,
  0.013754;0.848513;-0.229257;,
  0.030756;0.852400;-0.231068;,
  0.019690;0.734653;-0.133298;,
  0.026804;0.732482;-0.148183;,
  0.026582;0.735838;-0.157234;,
  0.023056;0.747891;-0.179277;,
  -0.014345;0.629827;0.075192;,
  -0.030818;0.761723;-0.087159;,
  0.041625;0.001876;-0.044901;,
  0.028602;0.725986;-0.127543;,
  0.020548;0.732781;-0.127015;,
  0.028422;0.730959;-0.130913;,
  0.028728;0.727707;-0.136206;,
  -0.083246;0.738329;-0.036431;,
  -0.057499;0.717288;-0.044958;,
  -0.056235;0.705652;-0.058735;,
  -0.044186;0.695917;-0.083902;,
  -0.016401;0.835363;-0.153274;,
  0.014469;0.222917;-0.036677;,
  0.004812;0.146151;-0.032286;,
  0.041121;0.145573;-0.013489;,
  0.038318;0.223264;-0.018254;,
  0.014883;0.283282;-0.048796;,
  0.039914;0.278851;-0.027782;,
  0.015840;0.373255;-0.019509;,
  0.028900;0.364309;-0.007619;,
  0.013755;0.460372;0.000008;,
  0.020463;0.448499;0.007771;,
  0.020641;0.485976;0.006959;,
  -0.020388;0.496548;-0.002427;,
  0.003059;0.073636;-0.029518;,
  0.045215;0.079216;-0.012927;,
  -0.051317;0.086083;0.067148;,
  -0.082880;0.092634;0.005253;,
  -0.094824;0.164298;0.008519;,
  -0.048339;0.161083;0.060401;,
  -0.096480;0.238807;0.010199;,
  -0.046269;0.226319;0.052001;,
  -0.041796;0.273862;0.049746;,
  -0.069601;0.280852;-0.001678;,
  -0.102209;0.360757;0.019015;,
  -0.040985;0.352419;0.077010;,
  -0.036660;0.496121;0.128758;,
  -0.072034;0.475650;0.105382;,
  -0.057499;0.717288;-0.044958;,
  -0.031447;0.473937;-0.015195;,
  -0.026893;0.382144;-0.044552;,
  -0.018772;0.287221;-0.067876;,
  -0.033915;0.226797;-0.044971;,
  -0.039087;0.153242;-0.037630;,
  -0.044263;0.074391;-0.024846;,
  0.064558;0.452463;0.133945;,
  0.098513;0.368189;0.121445;,
  0.005750;0.477786;0.143613;,
  0.096081;0.282656;0.092157;,
  0.110080;0.238905;0.119589;,
  0.117100;0.164745;0.116721;,
  0.110040;0.092315;0.106581;,
  -0.099482;0.447103;0.054545;;
  916;
  3;0,2,1;,
  3;2,0,3;,
  3;4,6,5;,
  3;6,4,7;,
  3;8,10,9;,
  3;10,8,11;,
  3;12,14,13;,
  3;14,12,15;,
  3;16,12,17;,
  3;12,16,15;,
  3;18,20,19;,
  3;20,18,16;,
  3;5,22,21;,
  3;22,5,6;,
  3;13,24,23;,
  3;24,13,14;,
  3;25,27,26;,
  3;27,25,28;,
  3;29,31,30;,
  3;31,29,32;,
  3;31,33,30;,
  3;33,31,34;,
  3;35,37,36;,
  3;37,35,38;,
  3;38,39,37;,
  3;39,38,40;,
  3;36,42,41;,
  3;42,36,37;,
  3;37,43,42;,
  3;43,37,39;,
  3;41,31,32;,
  3;31,41,42;,
  3;42,34,31;,
  3;34,42,43;,
  3;44,46,45;,
  3;46,44,47;,
  3;48,50,49;,
  3;50,48,51;,
  3;49,53,52;,
  3;53,49,50;,
  3;54,56,55;,
  3;56,54,57;,
  3;57,58,56;,
  3;58,57,59;,
  3;55,61,60;,
  3;61,55,56;,
  3;56,62,61;,
  3;62,56,58;,
  3;60,50,51;,
  3;50,60,61;,
  3;61,53,50;,
  3;53,61,62;,
  3;32,20,63;,
  3;20,32,29;,
  3;64,66,65;,
  3;66,64,19;,
  3;13,67,12;,
  3;67,13,68;,
  3;68,69,67;,
  3;69,68,70;,
  3;70,41,69;,
  3;41,70,36;,
  3;48,34,51;,
  3;34,48,33;,
  3;51,43,60;,
  3;43,51,34;,
  3;43,55,60;,
  3;55,43,39;,
  3;39,54,55;,
  3;54,39,40;,
  3;12,63,17;,
  3;63,12,67;,
  3;67,32,63;,
  3;32,67,69;,
  3;69,41,32;,
  3;71,72,25;,
  3;73,75,74;,
  3;75,73,76;,
  3;75,77,74;,
  3;77,75,78;,
  3;79,78,80;,
  3;78,79,77;,
  3;81,83,82;,
  3;83,85,84;,
  3;85,83,86;,
  3;87,89,88;,
  3;89,90,88;,
  3;90,89,91;,
  3;92,94,93;,
  3;92,88,94;,
  3;92,87,88;,
  3;88,95,94;,
  3;95,88,90;,
  3;96,94,83;,
  3;94,86,83;,
  3;86,94,95;,
  3;97,99,98;,
  3;99,97,100;,
  3;100,101,99;,
  3;101,100,102;,
  3;103,105,104;,
  3;105,103,106;,
  3;106,107,105;,
  3;107,106,108;,
  3;104,110,109;,
  3;110,104,105;,
  3;105,111,110;,
  3;111,105,107;,
  3;109,100,97;,
  3;100,109,110;,
  3;110,102,100;,
  3;102,110,111;,
  3;112,114,113;,
  3;114,112,115;,
  3;116,118,117;,
  3;118,116,119;,
  3;120,122,121;,
  3;122,120,123;,
  3;120,125,124;,
  3;125,120,121;,
  3;126,125,127;,
  3;125,126,124;,
  3;95,97,86;,
  3;97,95,109;,
  3;86,98,85;,
  3;98,86,97;,
  3;90,103,104;,
  3;103,90,91;,
  3;104,95,90;,
  3;95,104,109;,
  3;128,96,129;,
  3;96,128,93;,
  3;129,130,128;,
  3;130,129,131;,
  3;72,28,25;,
  3;28,72,132;,
  3;9,133,8;,
  3;134,136,135;,
  3;136,134,137;,
  3;81,137,134;,
  3;138,11,139;,
  3;138,10,11;,
  3;138,140,10;,
  3;141,11,142;,
  3;11,141,139;,
  3;128,130,143;,
  3;93,144,92;,
  3;93,143,144;,
  3;93,128,143;,
  3;145,87,146;,
  3;87,145,147;,
  3;74,148,73;,
  3;148,74,149;,
  3;150,147,145;,
  3;7,149,74;,
  3;148,151,73;,
  3;102,152,101;,
  3;152,102,126;,
  3;102,124,126;,
  3;124,102,111;,
  3;111,120,124;,
  3;120,111,107;,
  3;120,108,123;,
  3;108,120,107;,
  3;8,154,153;,
  3;154,8,133;,
  3;153,155,8;,
  3;155,153,156;,
  3;121,113,114;,
  3;113,121,122;,
  3;122,112,113;,
  3;112,122,157;,
  3;158,125,159;,
  3;125,158,127;,
  3;159,121,114;,
  3;121,159,125;,
  3;126,160,152;,
  3;160,126,161;,
  3;162,122,123;,
  3;122,162,163;,
  3;122,164,157;,
  3;164,122,163;,
  3;165,126,127;,
  3;126,165,161;,
  3;161,166,160;,
  3;166,161,167;,
  3;162,117,163;,
  3;117,162,116;,
  3;163,118,164;,
  3;118,163,117;,
  3;165,167,161;,
  3;167,165,168;,
  3;169,171,170;,
  3;171,169,172;,
  3;173,175,174;,
  3;175,173,176;,
  3;177,179,178;,
  3;179,177,173;,
  3;180,179,181;,
  3;179,180,182;,
  3;183,169,170;,
  3;169,183,184;,
  3;175,186,185;,
  3;186,175,176;,
  3;45,187,44;,
  3;187,45,188;,
  3;180,169,182;,
  3;169,180,172;,
  3;19,29,66;,
  3;20,29,19;,
  3;29,30,189;,
  3;30,190,189;,
  3;190,30,33;,
  3;33,191,190;,
  3;191,33,48;,
  3;191,49,192;,
  3;49,191,48;,
  3;192,52,193;,
  3;52,192,49;,
  3;194,170,186;,
  3;170,194,183;,
  3;170,185,186;,
  3;185,170,171;,
  3;186,176,194;,
  3;194,173,177;,
  3;173,194,176;,
  3;179,174,181;,
  3;174,179,173;,
  3;178,182,184;,
  3;182,178,179;,
  3;182,169,184;,
  3;16,17,20;,
  3;17,63,20;,
  3;66,195,65;,
  3;196,198,197;,
  3;198,196,199;,
  3;200,153,154;,
  3;153,200,201;,
  3;202,204,203;,
  3;205,207,206;,
  3;196,209,208;,
  3;209,196,197;,
  3;210,208,211;,
  3;208,210,196;,
  3;212,214,213;,
  3;214,212,215;,
  3;212,213,211;,
  3;201,217,216;,
  3;217,201,200;,
  3;218,220,219;,
  3;220,218,216;,
  3;210,199,196;,
  3;214,205,206;,
  3;221,223,222;,
  3;197,198,224;,
  3;224,226,225;,
  3;226,224,198;,
  3;227,214,206;,
  3;228,229,213;,
  3;229,228,230;,
  3;219,232,231;,
  3;214,228,213;,
  3;156,201,233;,
  3;201,156,153;,
  3;233,216,218;,
  3;216,233,201;,
  3;220,216,234;,
  3;235,220,234;,
  3;236,238,237;,
  3;238,236,239;,
  3;208,240,211;,
  3;240,208,241;,
  3;211,242,212;,
  3;242,211,240;,
  3;243,236,244;,
  3;236,243,239;,
  3;244,237,245;,
  3;237,244,236;,
  3;246,221,222;,
  3;221,246,215;,
  3;221,212,247;,
  3;212,221,215;,
  3;199,248,1;,
  3;248,199,249;,
  3;133,9,250;,
  3;249,210,251;,
  3;210,249,199;,
  3;210,211,251;,
  3;252,2,253;,
  3;2,252,1;,
  3;19,254,18;,
  3;254,19,64;,
  3;23,68,13;,
  3;68,23,255;,
  3;68,256,70;,
  3;256,68,255;,
  3;256,36,70;,
  3;36,256,257;,
  3;258,1,252;,
  3;1,258,199;,
  3;257,259,36;,
  3;36,259,35;,
  3;260,203,261;,
  3;203,260,202;,
  3;262,263,222;,
  3;263,262,264;,
  3;198,258,226;,
  3;258,198,199;,
  3;265,204,227;,
  3;265,206,266;,
  3;206,265,227;,
  3;222,267,246;,
  3;267,222,263;,
  3;89,87,147;,
  3;82,83,84;,
  3;78,16,18;,
  3;16,78,75;,
  3;75,15,16;,
  3;15,75,76;,
  3;15,71,14;,
  3;71,15,76;,
  3;14,268,24;,
  3;268,14,71;,
  3;248,269,1;,
  3;1,269,0;,
  3;135,129,134;,
  3;129,135,131;,
  3;134,96,81;,
  3;96,134,129;,
  3;96,83,81;,
  3;94,96,93;,
  3;29,189,66;,
  3;205,215,246;,
  3;267,205,246;,
  3;205,267,207;,
  3;205,214,215;,
  3;187,188,270;,
  3;224,272,271;,
  3;223,221,209;,
  3;224,223,197;,
  3;271,273,262;,
  3;273,271,272;,
  3;263,275,274;,
  3;273,276,262;,
  3;277,272,278;,
  3;272,277,273;,
  3;223,271,262;,
  3;271,223,224;,
  3;223,209,197;,
  3;208,221,247;,
  3;221,208,209;,
  3;222,223,262;,
  3;266,207,279;,
  3;207,266,206;,
  3;207,280,279;,
  3;280,207,267;,
  3;280,263,274;,
  3;263,280,267;,
  3;264,262,276;,
  3;76,73,72;,
  3;138,281,140;,
  3;73,132,72;,
  3;132,73,151;,
  3;72,71,76;,
  3;272,225,278;,
  3;155,11,8;,
  3;276,277,282;,
  3;277,276,273;,
  3;275,276,282;,
  3;276,275,264;,
  3;28,141,27;,
  3;141,28,139;,
  3;139,132,138;,
  3;132,139,28;,
  3;132,281,138;,
  3;281,132,151;,
  3;281,148,283;,
  3;148,281,151;,
  3;283,149,284;,
  3;149,283,148;,
  3;7,284,149;,
  3;284,7,4;,
  3;6,79,22;,
  3;79,6,77;,
  3;77,7,74;,
  3;7,77,6;,
  3;5,3,4;,
  3;3,5,2;,
  3;285,137,82;,
  3;137,285,136;,
  3;137,81,82;,
  3;92,146,87;,
  3;146,92,144;,
  3;2,21,253;,
  3;21,2,5;,
  3;286,213,229;,
  3;251,211,286;,
  3;213,286,211;,
  3;234,216,217;,
  3;227,202,228;,
  3;202,230,228;,
  3;230,202,260;,
  3;232,220,235;,
  3;228,214,227;,
  3;26,71,25;,
  3;71,26,268;,
  3;155,142,11;,
  3;18,80,78;,
  3;80,18,254;,
  3;272,224,225;,
  3;275,263,264;,
  3;202,227,204;,
  3;232,219,220;,
  3;287,289,288;,
  3;289,287,290;,
  3;291,288,292;,
  3;288,291,287;,
  3;293,292,294;,
  3;292,293,291;,
  3;295,294,296;,
  3;294,295,293;,
  3;296,297,295;,
  3;298,290,299;,
  3;290,298,289;,
  3;300,302,301;,
  3;302,300,303;,
  3;304,300,305;,
  3;300,304,303;,
  3;306,305,307;,
  3;305,306,304;,
  3;308,306,307;,
  3;306,308,309;,
  3;308,310,309;,
  3;145,146,311;,
  3;312,314,313;,
  3;314,312,315;,
  3;316,318,317;,
  3;318,316,319;,
  3;320,322,321;,
  3;322,320,323;,
  3;324,326,325;,
  3;326,324,327;,
  3;328,324,325;,
  3;324,328,329;,
  3;330,331,328;,
  3;331,330,332;,
  3;319,22,318;,
  3;22,319,21;,
  3;327,333,326;,
  3;333,327,334;,
  3;335,337,336;,
  3;337,335,338;,
  3;339,341,340;,
  3;341,339,342;,
  3;341,344,343;,
  3;344,341,342;,
  3;345,347,346;,
  3;347,345,348;,
  3;346,350,349;,
  3;350,346,347;,
  3;348,351,347;,
  3;351,348,352;,
  3;347,353,350;,
  3;353,347,351;,
  3;352,341,351;,
  3;341,352,340;,
  3;351,343,353;,
  3;343,351,341;,
  3;354,356,355;,
  3;356,354,357;,
  3;358,360,359;,
  3;360,358,361;,
  3;361,362,360;,
  3;362,361,363;,
  3;364,366,365;,
  3;366,364,367;,
  3;365,369,368;,
  3;369,365,366;,
  3;367,370,366;,
